_Slack Central_Ralco/Ralco_U1/LF_RALC_U1 Central_Ralco/Ralco_U1/s13
3 +0.500000000000000E+02
+0.131142668918433E+05 +0.279546591747041E+02 +0.974421522330112E+04 -0.762676310679849E+00 +0.114930058731386E+05 +0.893414839604128E-13 
+0.131142668918433E+05 -0.920453408252960E+02 +0.974421522330056E+04 -0.120762676310671E+03 +0.114930058731388E+05 -0.120000000000000E+03 
+0.131142668918433E+05 +0.147954659174704E+03 +0.974421522330208E+04 +0.119237323689327E+03 +0.114930058731387E+05 +0.120000000000000E+03 
_PVbus C_ANGOSTURA/Angostura_U1/LF2 C_ANGOSTURA/Angostura_U1/s8
3 +0.500000000000000E+02
+0.110184981429390E+05 +0.245038218327790E+02 +0.454908616063304E+04 +0.143129713481502E+02 +0.112676528168026E+05 -0.143595199149229E+01 
+0.110184981429390E+05 -0.954961781672210E+02 +0.454908616063303E+04 -0.105687028651847E+03 +0.112676528168026E+05 -0.121435951991492E+03 
+0.110184981429390E+05 +0.144503821832779E+03 +0.454908616063320E+04 +0.134312971348152E+03 +0.112676528168026E+05 +0.118564048008508E+03 
_PVbus Central_Canutillar/Canutillar_U1/LF_CANU_U1 Central_Canutillar/Canutillar_U1/s13
3 +0.500000000000000E+02
+0.128085721293527E+05 -0.568954825023801E+01 +0.157066204824363E+04 -0.396815741794812E+02 +0.112676528168026E+05 -0.200279879665254E+02 
+0.128085721293527E+05 -0.125689548250238E+03 +0.157066204822849E+04 -0.159681574180746E+03 +0.112676528167893E+05 -0.140027987966460E+03 
+0.128085721293527E+05 +0.114310451749762E+03 +0.157066204820603E+04 +0.803184258203648E+02 +0.112676528168070E+05 +0.999720120335660E+02 
_PVbus Central_Canutillar/Canutillar_U2/LF_CANU_U2 Central_Canutillar/Canutillar_U2/s13
3 +0.500000000000000E+02
+0.128085721293527E+05 -0.568954825023801E+01 +0.157066204824363E+04 -0.396815741794812E+02 +0.112676528168026E+05 -0.200279879665254E+02 
+0.128085721293527E+05 -0.125689548250238E+03 +0.157066204822849E+04 -0.159681574180746E+03 +0.112676528167893E+05 -0.140027987966460E+03 
+0.128085721293527E+05 +0.114310451749762E+03 +0.157066204820603E+04 +0.803184258203648E+02 +0.112676528168070E+05 +0.999720120335660E+02 
_PVbus Central_Colbun/Colbun_U1/LF_COLB_U1 Central_Colbun/Colbun_U1/s13
3 +0.500000000000000E+02
+0.131989703908924E+05 +0.192961368727809E+02 +0.578179498047507E+04 -0.963298522104142E+01 +0.115942514491737E+05 -0.419005866049115E+01 
+0.131989703908924E+05 -0.100703863127219E+03 +0.578179498047506E+04 -0.129632985221041E+03 +0.115942514491737E+05 -0.124190058660491E+03 
+0.131989703908924E+05 +0.139296136872781E+03 +0.578179498047506E+04 +0.110367014778959E+03 +0.115942514491737E+05 +0.115809941339509E+03 
_PVbus Central_Colbun/Colbun_U2/LF_COLB_U2 Central_Colbun/Colbun_U2/s4
3 +0.500000000000000E+02
+0.131978549471699E+05 +0.193215978076141E+02 +0.578166882318267E+04 -0.959650247383524E+01 +0.115942514491737E+05 -0.416671259245275E+01 
+0.131978549471699E+05 -0.100678402192386E+03 +0.578166882318265E+04 -0.129596502473835E+03 +0.115942514491737E+05 -0.124166712592453E+03 
+0.131978549471699E+05 +0.139321597807614E+03 +0.578166882318266E+04 +0.110403497526165E+03 +0.115942514491737E+05 +0.115833287407547E+03 
_PVbus Central_LaConfluencia/LaConfluencia_U1/LF_LCONFLUE_U1 Central_LaConfluencia/LaConfluencia_U1/s3
3 +0.500000000000000E+02
+0.124687151728874E+05 +0.101806068933389E+02 +0.152181955941906E+04 -0.164627432349740E+00 +0.123290983720087E+05 -0.596296069107070E+01 
+0.124687151728874E+05 -0.109819393106661E+03 +0.152181955941906E+04 -0.120164627432349E+03 +0.123290983720087E+05 -0.125962960691071E+03 
+0.124687151728874E+05 +0.130180606893339E+03 +0.152181955941907E+04 +0.119835372567650E+03 +0.123290983720087E+05 +0.114037039308929E+03 
_PVbus Central_LaConfluencia/LaConfluencia_U2/LF_LCONFLUE_U2 Central_LaConfluencia/LaConfluencia_U2/s1
3 +0.500000000000000E+02
+0.107711221940192E+05 +0.126830856606404E+02 +0.178594328757702E+04 +0.266650632997330E+02 +0.124107480301014E+05 -0.596467099330232E+01 
+0.107711221940192E+05 -0.107316914339360E+03 +0.178594328757702E+04 -0.933349367002668E+02 +0.124107480301014E+05 -0.125964670993302E+03 
+0.107711221940192E+05 +0.132683085660640E+03 +0.178594328757702E+04 +0.146665063299733E+03 +0.124107480301014E+05 +0.114035329006698E+03 
_PVbus Central_LaHiguera/LaHiguera_U1/LF_LHIGUER_U1 Central_LaHiguera/LaHiguera_U1/s13
3 +0.500000000000000E+02
+0.125145985423029E+05 +0.141537834341863E+02 +0.228434988483251E+04 -0.689391614401281E+01 +0.116759011072665E+05 -0.576504615905615E+01 
+0.125145985423029E+05 -0.105846216565814E+03 +0.228434988483250E+04 -0.126893916144013E+03 +0.116759011072665E+05 -0.125765046159056E+03 
+0.125145985423029E+05 +0.134153783434186E+03 +0.228434988483250E+04 +0.113106083855987E+03 +0.116759011072665E+05 +0.114234953840944E+03 
_PVbus Central_LaHiguera/LaHuiguera_U2/LF_LHIGUER_U2 Central_LaHiguera/LaHuiguera_U2/s13
3 +0.500000000000000E+02
+0.125146862591798E+05 +0.141559851319139E+02 +0.228435087048017E+04 -0.689282218182436E+01 +0.116759011072665E+05 -0.576269829679749E+01 
+0.125146862591798E+05 -0.105844014868086E+03 +0.228435087048018E+04 -0.126892822181824E+03 +0.116759011072665E+05 -0.125762698296797E+03 
+0.125146862591798E+05 +0.134155985131914E+03 +0.228435087048017E+04 +0.113107177818176E+03 +0.116759011072665E+05 +0.114237301703203E+03 
_PVbus Central_LosHierros/Loma_LHierros/Loma_Alta_LHierros Central_LosHierros/Loma_LHierros/s13
3 +0.500000000000000E+02
+0.117801758273522E+05 +0.502127728323953E+01 +0.511332768244293E+03 +0.220682989335227E+00 +0.117795961730443E+05 -0.481987060328755E+01 
+0.117801758273522E+05 -0.114978722716760E+03 +0.511332768244280E+03 -0.119779317010664E+03 +0.117795961730443E+05 -0.124819870603287E+03 
+0.117801758273522E+05 +0.125021277283240E+03 +0.511332768244292E+03 +0.120220682989337E+03 +0.117795961730443E+05 +0.115180129396712E+03 
_PVbus Central_Pangue/Pangue_U1/LF_PANG_U1 Central_Pangue/Pangue_U1/s13
3 +0.500000000000000E+02
+0.118413112890884E+05 +0.148385731046029E+02 +0.487044632328002E+04 -0.743036933678694E+01 +0.110227038425243E+05 -0.864182735793181E+00 
+0.118413112890884E+05 -0.105161426895397E+03 +0.487044632327991E+04 -0.127430369336784E+03 +0.110227038425243E+05 -0.120864182735793E+03 
+0.118413112890884E+05 +0.134838573104603E+03 +0.487044632328015E+04 +0.112569630663215E+03 +0.110227038425243E+05 +0.119135817264207E+03 
_PVbus Central_Peuchen/Peuchen_U1/LF_PEUCH_U1 Central_Peuchen/Peuchen_U1/s13
3 +0.500000000000000E+02
+0.133231259149607E+05 +0.146616101958520E+02 +0.108788990714172E+04 -0.184639237415983E+02 +0.115126017910809E+05 -0.386358563147580E+01 
+0.133231259149607E+05 -0.105338389804148E+03 +0.108788990714172E+04 -0.138463923741598E+03 +0.115126017910809E+05 -0.123863585631476E+03 
+0.133231259149607E+05 +0.134661610195852E+03 +0.108788990714172E+04 +0.101536076258402E+03 +0.115126017910809E+05 +0.116136414368524E+03 
_PVbus Central_Antuco/Antuco_U2/LF_ANTU_U2 Central_Antuco/Antuco_U2/s13
3 +0.500000000000000E+02
+0.124234379486119E+05 +0.266464120838035E+02 +0.499994235427724E+04 -0.310963524997068E+01 +0.107777548682460E+05 -0.149160338787341E+01 
+0.124234379486119E+05 -0.933535879161965E+02 +0.499994235427721E+04 -0.123109635249970E+03 +0.107777548682460E+05 -0.121491603387873E+03 
+0.124234379486119E+05 +0.146646412083804E+03 +0.499994235427728E+04 +0.116890364750030E+03 +0.107777548682460E+05 +0.118508396612127E+03 
_PVbus Central_Machicura/Machicura_U1/LF_MACHI_U1 Central_Machicura/Machicura_U1/s2
3 +0.500000000000000E+02
+0.113697436066341E+05 +0.152801999541553E+02 +0.110513567086398E+04 +0.624800494559167E+01 +0.114309521329882E+05 -0.476752259403033E+01 
+0.113697436066341E+05 -0.104719800045845E+03 +0.110513567086398E+04 -0.113751995054408E+03 +0.114309521329882E+05 -0.124767522594030E+03 
+0.113697436066341E+05 +0.135280199954155E+03 +0.110513567086398E+04 +0.126248004945592E+03 +0.114309521329882E+05 +0.115232477405970E+03 
_PVbus Central_Machicura/Machicura_U2/LF_MACHI_U2 Central_Machicura/Machicura_U2/s1
3 +0.500000000000000E+02
+0.113766959256793E+05 +0.152870984951860E+02 +0.110474350208630E+04 +0.616278500314520E+01 +0.114309521329882E+05 -0.474776342029670E+01 
+0.113766959256793E+05 -0.104712901504814E+03 +0.110474350208630E+04 -0.113837214996855E+03 +0.114309521329882E+05 -0.124747763420297E+03 
+0.113766959256793E+05 +0.135287098495186E+03 +0.110474350208630E+04 +0.126162785003145E+03 +0.114309521329882E+05 +0.115252236579703E+03 
_PVbus Central_Pehuenche/Pehuenche_U1/Pehuenche_U1_lf Central_Pehuenche/Pehuenche_U1/s4
3 +0.500000000000000E+02
+0.121150310062909E+05 +0.191155671089485E+02 +0.745519833680282E+04 -0.244540960285130E+01 +0.112676528168026E+05 -0.289503617837433E+01 
+0.121150310062909E+05 -0.100884432891051E+03 +0.745519833680271E+04 -0.122445409602851E+03 +0.112676528168026E+05 -0.122895036178374E+03 
+0.121150310062909E+05 +0.139115567108949E+03 +0.745519833680282E+04 +0.117554590397150E+03 +0.112676528168026E+05 +0.117104963821626E+03 
_PVbus Central_Pehuenche/Pehuenche_U2/Pehuenche_U2_LF Central_Pehuenche/Pehuenche_U2/s12
3 +0.500000000000000E+02
+0.126560285917025E+05 +0.179920651892156E+02 +0.750865215330294E+04 -0.988730819996502E+01 +0.112676528168026E+05 -0.303186373846918E+01 
+0.126560285917025E+05 -0.102007934810784E+03 +0.750865215330282E+04 -0.129887308199965E+03 +0.112676528168026E+05 -0.123031863738469E+03 
+0.126560285917025E+05 +0.137992065189216E+03 +0.750865215330291E+04 +0.110112691800036E+03 +0.112676528168026E+05 +0.116968136261531E+03 
_PVbus STAT_ENTRERIOS/PVinit/LF STAT_ENTRERIOS/s2
3 +0.500000000000000E+02
+0.488734020039092E+03 -0.711870749449031E+01 +0.420889721519720E+04 +0.828812925055090E+02 +0.488734440928813E+03 -0.711870749449031E+01 
+0.488734020039092E+03 -0.127118707494490E+03 +0.420889721520476E+04 -0.371187074944308E+02 +0.488734440928813E+03 -0.127118707494490E+03 
+0.488734020039092E+03 +0.112881292505510E+03 +0.420889721520361E+04 -0.157118707494547E+03 +0.488734440928813E+03 +0.112881292505510E+03 
_PVbus STATCOM_MAIPO/PVinit/LF STATCOM_MAIPO/s2
3 +0.500000000000000E+02
+0.487320208082424E+03 -0.114032716526391E+02 +0.577624428903529E+05 +0.785967283473607E+02 +0.487325984326713E+03 -0.114032716526391E+02 
+0.487320208082424E+03 -0.131403271652639E+03 +0.577624428903531E+05 -0.414032716526383E+02 +0.487325984326713E+03 -0.131403271652639E+03 
+0.487320208082424E+03 +0.108596728347361E+03 +0.577624428903539E+05 -0.161403271652639E+03 +0.487325984326713E+03 +0.108596728347361E+03 
_PQbus Central_ElPaso/ElPaso_U1/LF_EPASO_U1 Central_ElPaso/ElPaso_U1/s13
3 +0.500000000000000E+02
+0.906745818835450E+04 +0.395760136738508E+01 +0.421347831992947E+03 -0.252949964454181E+02 +0.835588077056609E+04 -0.651696322297220E+01 
+0.906745818835450E+04 -0.116042398632615E+03 +0.421347831992944E+03 -0.145294996445418E+03 +0.835588077056609E+04 -0.126516963222972E+03 
+0.906745818835450E+04 +0.123957601367385E+03 +0.421347831992948E+03 +0.947050035545824E+02 +0.835588077056609E+04 +0.113483036777028E+03 
_PQbus Central_LomaAlta_RioColorado/LomaALta/LF_LomaAlta Central_LomaAlta_RioColorado/LomaALta/s13
3 +0.500000000000000E+02
+0.104159594322668E+05 -0.305972784709368E+01 +0.229882991465358E+03 +0.530880363387930E+02 +0.111904937716873E+05 -0.569356089685892E+01 
+0.104159594322668E+05 -0.123059727847094E+03 +0.229882991465355E+03 -0.669119636612039E+02 +0.111904937716873E+05 -0.125693560896859E+03 
+0.104159594322668E+05 +0.116940272152906E+03 +0.229882991465367E+03 +0.173088036338795E+03 +0.111904937716873E+05 +0.114306439103141E+03 
_PQbus Central_LomaAlta_RioColorado/La_Mina_RColorado/La_Mina_RColorado Central_LomaAlta_RioColorado/La_Mina_RColorado/s13
3 +0.500000000000000E+02
+0.115756076478040E+05 -0.261395870620076E+01 +0.172976039134398E+03 -0.522912306756309E+01 +0.115622950439170E+05 -0.522912306756115E+01 
+0.115756076478040E+05 -0.122613958706201E+03 +0.172976039134386E+03 -0.125229123067561E+03 +0.115622950439170E+05 -0.125229123067561E+03 
+0.115756076478040E+05 +0.117386041293799E+03 +0.172976039134396E+03 +0.114770876932441E+03 +0.115622950439170E+05 +0.114770876932439E+03 
_PQbus Central_SanAndres/SanAndres_U2/LF_SANDRES_U2 Central_SanAndres/SanAndres_U2/s13
3 +0.500000000000000E+02
+0.917967669886793E+04 +0.451427338429817E+01 +0.402657400946158E+03 -0.210885410090649E+02 +0.855356858228402E+04 -0.651432481102600E+01 
+0.917967669886793E+04 -0.115485726615702E+03 +0.402657400946156E+03 -0.141088541009065E+03 +0.855356858228403E+04 -0.126514324811026E+03 
+0.917967669886793E+04 +0.124514273384298E+03 +0.402657400946159E+03 +0.989114589909354E+02 +0.855356858228403E+04 +0.113485675188974E+03 
_PQbus Central_Digua/Digua_U1/LF_DIGUA_U1 Central_Digua/Digua_U1/s13
3 +0.500000000000000E+02
+0.637912095373574E+04 +0.344958145573246E+01 +0.417591687646007E+03 -0.333399776295791E+02 +0.571165386323825E+04 -0.677492645250734E+01 
+0.637912095373574E+04 -0.116550418544268E+03 +0.417591687646126E+03 -0.153339977629583E+03 +0.571165386323820E+04 -0.126774926452508E+03 
+0.637912095373574E+04 +0.123449581455732E+03 +0.417591687646045E+03 +0.866600223704051E+02 +0.571165386323816E+04 +0.113225073547493E+03 
_PQbus PMGD_PFV_Paine154/PQinit/LF PMGD_PFV_Paine154/s9
3 +0.500000000000000E+02
+0.186765685114097E+06 -0.415602849812065E+02 +0.706382559833282E+02 -0.149952380488847E+02 +0.186765685117256E+06 -0.415602849831447E+02 
+0.186765685114097E+06 -0.161560284981206E+03 +0.706382349406246E+02 -0.134995242776330E+03 +0.186765685117256E+06 -0.161560284983145E+03 
+0.186765685114097E+06 +0.784397150187935E+02 +0.706382576386573E+02 +0.105004779407011E+03 +0.186765685117256E+06 +0.784397150168553E+02 
_PQbus PMGD_PFV_Parral154/PQinit/LF PMGD_PFV_Parral154/s9
3 +0.500000000000000E+02
+0.189421915812711E+06 -0.368802728069162E+02 +0.249849605916450E+03 -0.243514692276265E+02 +0.189421915818131E+06 -0.368802728142936E+02 
+0.189421915812711E+06 -0.156880272806916E+03 +0.249849646783760E+03 -0.144351463824461E+03 +0.189421915818131E+06 -0.156880272814294E+03 
+0.189421915812711E+06 +0.831197271930838E+02 +0.249849626208979E+03 +0.956485377366612E+02 +0.189421915818131E+06 +0.831197271857064E+02 
_PQbus PMGD_PFV_PCortes154/PQinit/LF PMGD_PFV_PCortes154/s9
3 +0.500000000000000E+02
+0.186765685117441E+06 -0.415602849807864E+02 +0.185616014928372E+02 -0.415602067953495E+02 +0.186765685117441E+06 -0.415602849813558E+02 
+0.186765685117441E+06 -0.161560284980786E+03 +0.185615975853854E+02 -0.161560414339818E+03 +0.186765685117441E+06 -0.161560284981356E+03 
+0.186765685117441E+06 +0.784397150192136E+02 +0.185615483285281E+02 +0.784397661912198E+02 +0.186765685117441E+06 +0.784397150186442E+02 
_PQbus PMGD_PFV_Rancagua154/PQinit/LF PMGD_PFV_Rancagua154/s9
3 +0.500000000000000E+02
+0.186765685118691E+06 -0.415602849671140E+02 +0.717476677206772E+02 -0.415603008531374E+02 +0.186765685118691E+06 -0.415602849693150E+02 
+0.186765685118691E+06 -0.161560284967114E+03 +0.717476568354626E+02 -0.161560303456955E+03 +0.186765685118691E+06 -0.161560284969315E+03 
+0.186765685118691E+06 +0.784397150328860E+02 +0.717476413797939E+02 +0.784397494021574E+02 +0.186765685118691E+06 +0.784397150306850E+02 
_PQbus PMGD_PFV_Teno154/PQinit/LF PMGD_PFV_Teno154/s9
3 +0.500000000000000E+02
+0.185866791232317E+06 -0.387245584519210E+02 +0.667144083987844E+02 -0.387245383236263E+02 +0.185866791232317E+06 -0.387245584539776E+02 
+0.185866791232317E+06 -0.158724558451921E+03 +0.667144830806338E+02 -0.158724609678545E+03 +0.185866791232317E+06 -0.158724558453978E+03 
+0.185866791232317E+06 +0.812754415480790E+02 +0.667144464098712E+02 +0.812754726402782E+02 +0.185866791232317E+06 +0.812754415460224E+02 
_PQbus PMGD_PFV_Tinguiririca154/PQinit/LF PMGD_PFV_Tinguiririca154/s9
3 +0.500000000000000E+02
+0.185866791202433E+06 -0.387245584509234E+02 +0.583337349324328E+02 +0.627547181329474E+01 +0.185866791206557E+06 -0.387245584521949E+02 
+0.185866791202433E+06 -0.158724558450923E+03 +0.583337094761227E+02 -0.113724604625000E+03 +0.185866791206557E+06 -0.158724558452195E+03 
+0.185866791202433E+06 +0.812754415490766E+02 +0.583337579226283E+02 +0.126275457455094E+03 +0.185866791206557E+06 +0.812754415478051E+02 
_PQbus PMGD_PFV_Charrua066/PQinit/LF PMGD_PFV_Charrua066/s9
3 +0.500000000000000E+02
+0.189421915812517E+06 -0.368802728114714E+02 +0.403977613177376E+03 -0.243514624631832E+02 +0.189421915821281E+06 -0.368802728233998E+02 
+0.189421915812517E+06 -0.156880272811471E+03 +0.403977689961533E+03 -0.144351460271529E+03 +0.189421915821281E+06 -0.156880272823400E+03 
+0.189421915812517E+06 +0.831197271885286E+02 +0.403977624427876E+03 +0.956485273919670E+02 +0.189421915821281E+06 +0.831197271766002E+02 
_PQbus PMGD_PFV_Horcones066/PQinit/LF PMGD_PFV_Horcones066/s9
3 +0.500000000000000E+02
+0.187261358474089E+06 -0.420737843612818E+02 +0.654179802928140E+02 -0.317280198848093E+02 +0.187261358475264E+06 -0.420737843632508E+02 
+0.187261358474089E+06 -0.162073784361282E+03 +0.654179802927959E+02 -0.151728019884822E+03 +0.187261358475264E+06 -0.162073784363251E+03 
+0.187261358474089E+06 +0.779262156387182E+02 +0.654179802928126E+02 +0.882719801152161E+02 +0.187261358475264E+06 +0.779262156367492E+02 
_PQbus PMGD_PFV_Mulchen220/PQinit/LF PMGD_PFV_Mulchen220/s9
3 +0.500000000000000E+02
+0.189905158903296E+06 -0.350138314883642E+02 +0.147262740493693E+03 -0.224850242458275E+02 +0.189905158906490E+06 -0.350138314927014E+02 
+0.189905158903296E+06 -0.155013831488364E+03 +0.147262703838996E+03 -0.142485022421998E+03 +0.189905158906490E+06 -0.155013831492701E+03 
+0.189905158903295E+06 +0.849861685116358E+02 +0.147262735854016E+03 +0.975149753171759E+02 +0.189905158906490E+06 +0.849861685072986E+02 
_PQbus PMGD_PFV_Duqueco220/PQinit/LF PMGD_PFV_Duqueco220/s9
3 +0.500000000000000E+02
+0.188199701026878E+06 -0.383306655902057E+02 +0.562719030665251E+02 -0.383306655919186E+02 +0.188199701026878E+06 -0.383306655919189E+02 
+0.188199701026878E+06 -0.158330665590206E+03 +0.562719030665253E+02 -0.158330665591910E+03 +0.188199701026878E+06 -0.158330665591919E+03 
+0.188199701026878E+06 +0.816693344097943E+02 +0.562719030665229E+02 +0.816693344080723E+02 +0.188199701026878E+06 +0.816693344080812E+02 
_PQbus PMGD_PFV_Temuco066/PQinit/LF PMGD_PFV_Temuco066/s9
3 +0.500000000000000E+02
+0.184462817138623E+06 -0.419498971278490E+02 +0.603731420892464E+02 -0.316041326539352E+02 +0.184462817139707E+06 -0.419498971296937E+02 
+0.184462817138623E+06 -0.161949897127849E+03 +0.603731421101315E+02 -0.151604132664152E+03 +0.184462817139707E+06 -0.161949897129694E+03 
+0.184462817138623E+06 +0.780501028721510E+02 +0.603731420985985E+02 +0.883958673643434E+02 +0.184462817139707E+06 +0.780501028703063E+02 
_PQbus PFV_Gran_Teno_OG/PQinit/LF PFV_Gran_Teno_OG/s9
3 +0.500000000000000E+02
+0.185866791170421E+06 -0.387245584404982E+02 +0.122247241192607E+03 +0.627546535932440E+01 +0.185866791179065E+06 -0.387245584431628E+02 
+0.185866791170421E+06 -0.158724558440498E+03 +0.122247196928327E+03 -0.113724572677161E+03 +0.185866791179065E+06 -0.158724558443163E+03 
+0.185866791170421E+06 +0.812754415595019E+02 +0.122247212036008E+03 +0.126275431988341E+03 +0.185866791179065E+06 +0.812754415568372E+02 
_PQbus PFV_Tamango_OG/PQinit/LF PFV_Tamango_OG/s9
3 +0.500000000000000E+02
+0.189421915829725E+06 -0.368802728311949E+02 +0.960278384827241E+02 -0.265345228426996E+02 +0.189421915831449E+06 -0.368802728340522E+02 
+0.189421915829725E+06 -0.156880272831195E+03 +0.960278599833151E+02 -0.146534490228079E+03 +0.189421915831449E+06 -0.156880272834052E+03 
+0.189421915829725E+06 +0.831197271688052E+02 +0.960278589694355E+02 +0.934654880039559E+02 +0.189421915831449E+06 +0.831197271659478E+02 
_PQbus PMG_Venezia_Solar_OG/PQinit/LF PMG_Venezia_Solar_OG/s9
3 +0.500000000000000E+02
+0.185866791225255E+06 -0.387245584583455E+02 +0.557974737779040E+01 +0.627560277654599E+01 +0.185866791225649E+06 -0.387245584584672E+02 
+0.185866791225255E+06 -0.158724558458346E+03 +0.557974172395296E+01 -0.113724692685328E+03 +0.185866791225649E+06 -0.158724558458467E+03 
+0.185866791225255E+06 +0.812754415416545E+02 +0.557975633694655E+01 +0.126275414533288E+03 +0.185866791225649E+06 +0.812754415415329E+02 
_PQbus PMGD_PFV_Linares154/PQinit/LF PMGD_PFV_Linares154/s9
3 +0.500000000000000E+02
+0.187533615559342E+06 -0.374588005220238E+02 +0.630202958364746E+02 +0.248694706015750E+02 +0.187533615564923E+06 -0.374588005229179E+02 
+0.187533615559342E+06 -0.157458800522024E+03 +0.630202958340225E+02 -0.951305293979165E+02 +0.187533615564923E+06 -0.157458800522918E+03 
+0.187533615559342E+06 +0.825411994779762E+02 +0.630202958350822E+02 +0.144869470602652E+03 +0.187533615564923E+06 +0.825411994770821E+02 
_PQbus PMGD_PFV_Talca066/PQinit/LF PMGD_PFV_Talca066/s9
3 +0.500000000000000E+02
+0.185664738269739E+06 -0.393721824118518E+02 +0.351223209915574E+02 +0.426431427278241E+01 +0.185664738272163E+06 -0.393721824126362E+02 
+0.185664738269739E+06 -0.159372182411852E+03 +0.351223209915591E+02 -0.115735685727217E+03 +0.185664738272163E+06 -0.159372182412636E+03 
+0.185664738269739E+06 +0.806278175881482E+02 +0.351223209915589E+02 +0.124264314272793E+03 +0.185664738272163E+06 +0.806278175873638E+02 
_PQbus PFV_Ortega_Negrete_OG/PQinit/LF PFV_Ortega_Negrete_OG/s9
3 +0.500000000000000E+02
+0.189421915843941E+06 -0.368802728593058E+02 +0.587923016701320E+01 -0.265346866869922E+02 +0.189421915844047E+06 -0.368802728594807E+02 
+0.189421915843941E+06 -0.156880272859306E+03 +0.587928395003484E+01 -0.146534086977696E+03 +0.189421915844047E+06 -0.156880272859481E+03 
+0.189421915843941E+06 +0.831197271406942E+02 +0.587925470459892E+01 +0.934652485187430E+02 +0.189421915844047E+06 +0.831197271405193E+02 
_PQbus PMGD_PFV_SJavier066/PQinit/LF PMGD_PFV_SJavier066/s9
3 +0.500000000000000E+02
+0.188833287961455E+06 -0.411572100762240E+02 +0.981192500891989E+01 -0.411572100765071E+02 +0.188833287961455E+06 -0.411572100765217E+02 
+0.188833287961455E+06 -0.161157210076224E+03 +0.981192500892872E+01 -0.161157210076539E+03 +0.188833287961455E+06 -0.161157210076522E+03 
+0.188833287961455E+06 +0.788427899237760E+02 +0.981192500892847E+01 +0.788427899234805E+02 +0.188833287961455E+06 +0.788427899234783E+02 
_PQbus PMGD_PFV_Chillan154/PQinit/LF PMGD_PFV_Chillan154/s9
3 +0.500000000000000E+02
+0.189421915837935E+06 -0.368802728517017E+02 +0.319612692933128E+03 -0.243514688417042E+02 +0.189421915844869E+06 -0.368802728611391E+02 
+0.189421915837935E+06 -0.156880272851702E+03 +0.319613110844378E+03 -0.144351429404936E+03 +0.189421915844869E+06 -0.156880272861139E+03 
+0.189421915837935E+06 +0.831197271482983E+02 +0.319612697029535E+03 +0.956485027906312E+02 +0.189421915844869E+06 +0.831197271388609E+02 
_PQbus PMGD_PFV_Itahue154/PQinit/LF PMGD_PFV_Itahue154/s9
3 +0.500000000000000E+02
+0.187403769918995E+06 -0.398698672248500E+02 +0.257751110903078E+02 +0.376662945999489E+01 +0.187403769920773E+06 -0.398698672254203E+02 
+0.187403769918995E+06 -0.159869867224850E+03 +0.257751110903091E+02 -0.116233370540007E+03 +0.187403769920774E+06 -0.159869867225420E+03 
+0.187403769918995E+06 +0.801301327751500E+02 +0.257751110903127E+02 +0.123766629460019E+03 +0.187403769920773E+06 +0.801301327745797E+02 
_PQbus PMGD_PFV_Malloa154/PQinit/LF PMGD_PFV_Malloa154/s9
3 +0.500000000000000E+02
+0.185866791229677E+06 -0.387245584592222E+02 +0.441118576646066E+02 -0.121593347468155E+02 +0.185866791231649E+06 -0.387245584604384E+02 
+0.185866791229677E+06 -0.158724558459222E+03 +0.441116697935733E+02 -0.132159574236070E+03 +0.185866791231649E+06 -0.158724558460438E+03 
+0.185866791229677E+06 +0.812754415407778E+02 +0.441118272846637E+02 +0.107840387132447E+03 +0.185866791231649E+06 +0.812754415395616E+02 
_PQbus PE_Lomas_de_Duqueco/PQinit/LF PE_Lomas_de_Duqueco/s9
3 +0.500000000000000E+02
+0.528730394617795E+05 -0.365153661239593E+02 +0.426013334502654E+03 -0.361761369499213E+02 +0.528730394620317E+05 -0.365153661701233E+02 
+0.528730394617794E+05 -0.156515366123959E+03 +0.426013334502892E+03 -0.156176136950026E+03 +0.528730394620317E+05 -0.156515366170123E+03 
+0.528730394617795E+05 +0.834846338760407E+02 +0.426013334502948E+03 +0.838238630499879E+02 +0.528730394620317E+05 +0.834846338298767E+02 
_PQbus PE_Los_Olmos/PQinit/LF PE_Los_Olmos/s9
3 +0.500000000000000E+02
+0.190419793254432E+06 -0.339436072287331E+02 +0.211627976228138E+03 -0.230320317124112E+02 +0.190419793258438E+06 -0.339436072349857E+02 
+0.190419793254432E+06 -0.153943607228733E+03 +0.211627976228151E+03 -0.143032031712408E+03 +0.190419793258438E+06 -0.153943607234986E+03 
+0.190419793254432E+06 +0.860563927712669E+02 +0.211627976228141E+03 +0.969679682875895E+02 +0.190419793258438E+06 +0.860563927650143E+02 
_PQbus PE_MallecoSur/PQinit/LF PE_MallecoSur/s9
3 +0.500000000000000E+02
+0.188335448518819E+06 -0.364371613318689E+02 +0.269916225118004E+03 -0.223674811799930E+02 +0.188335448525381E+06 -0.364371613398340E+02 
+0.188335448518819E+06 -0.156437161331869E+03 +0.269916225150829E+03 -0.142367481178598E+03 +0.188335448525381E+06 -0.156437161339834E+03 
+0.188335448518819E+06 +0.835628386681311E+02 +0.269916225137043E+03 +0.976325188201909E+02 +0.188335448525381E+06 +0.835628386601660E+02 
_PQbus PE_SanGabriel/PQinit/LF PE_SanGabriel/s9
3 +0.500000000000000E+02
+0.191187205664198E+06 -0.336872519308933E+02 +0.396628662524426E+03 -0.334378603133926E+02 +0.191187205664370E+06 -0.336872519427795E+02 
+0.191187205664198E+06 -0.153687251930893E+03 +0.396628662524427E+03 -0.153437860313393E+03 +0.191187205664370E+06 -0.153687251942779E+03 
+0.191187205664198E+06 +0.863127480691067E+02 +0.396628662524426E+03 +0.865621396866076E+02 +0.191187205664370E+06 +0.863127480572205E+02 
_PQbus PE_MallecoNorte/PQinit/LF PE_MallecoNorte/s9
3 +0.500000000000000E+02
+0.188451654030994E+06 -0.361466589777884E+02 +0.269485921035924E+03 -0.303716269308601E+02 +0.188451654033706E+06 -0.361466589859402E+02 
+0.188451654030994E+06 -0.156146658977788E+03 +0.269485921036000E+03 -0.150371626930857E+03 +0.188451654033706E+06 -0.156146658985940E+03 
+0.188451654030994E+06 +0.838533410222116E+02 +0.269485921035991E+03 +0.896283730691304E+02 +0.188451654033706E+06 +0.838533410140599E+02 
_PQbus PE_Aurora/PQinit/LF PE_Aurora/s9
3 +0.500000000000000E+02
+0.179460481208500E+06 -0.525881696726697E+02 +0.433239105635194E+03 -0.464554491727874E+02 +0.179460481213128E+06 -0.525881696864224E+02 
+0.179460481208500E+06 -0.172588169672670E+03 +0.433239105678615E+03 -0.166455449206714E+03 +0.179460481213128E+06 -0.172588169686422E+03 
+0.179460481208500E+06 +0.674118303273303E+02 +0.433239105715808E+03 +0.735445507972491E+02 +0.179460481213128E+06 +0.674118303135776E+02 
_PQbus PE_Renaico_I/PQinit/LF PE_Renaico_I/s9
3 +0.500000000000000E+02
+0.189947439032543E+06 -0.342155529144769E+02 +0.330836820666442E+03 -0.262459425300460E+02 +0.189947439037130E+06 -0.342155529243599E+02 
+0.189947439032543E+06 -0.154215552914477E+03 +0.330836820666369E+03 -0.146245942530039E+03 +0.189947439037130E+06 -0.154215552924360E+03 
+0.189947439032543E+06 +0.857844470855231E+02 +0.330836820666442E+03 +0.937540574699691E+02 +0.189947439037130E+06 +0.857844470756401E+02 
_PQbus PE_Tolpan_Sur/PQinit/LF PE_Tolpan_Sur/s9
3 +0.500000000000000E+02
+0.190503025361931E+06 -0.338078966614537E+02 +0.160592799684935E+03 -0.280328646111814E+02 +0.190503025363547E+06 -0.338078966662592E+02 
+0.190503025361931E+06 -0.153807896661454E+03 +0.160592799684926E+03 -0.148032864611182E+03 +0.190503025363547E+06 -0.153807896666259E+03 
+0.190503025361931E+06 +0.861921033385463E+02 +0.160592799684934E+03 +0.919671353888202E+02 +0.190503025363547E+06 +0.861921033337408E+02 
_PQbus PE_San_Matias_Etapa1_OG/PQinit/LF PE_San_Matias_Etapa1_OG/s9
3 +0.500000000000000E+02
+0.189905158911163E+06 -0.350138314437107E+02 +0.155761747604644E+03 -0.350138290176833E+02 +0.189905158911163E+06 -0.350138314484102E+02 
+0.189905158911163E+06 -0.155013831443711E+03 +0.155761741202790E+03 -0.155013832749531E+03 +0.189905158911163E+06 -0.155013831448410E+03 
+0.189905158911163E+06 +0.849861685562893E+02 +0.155761731398259E+03 +0.849861674219835E+02 +0.189905158911163E+06 +0.849861685515898E+02 
_PQbus BESS_La_Cabana/PQinit/LF BESS_La_Cabana/s2
3 +0.500000000000000E+02
+0.496448631635813E+03 -0.423275098801311E+01 +0.259808014597767E+05 +0.175767548859754E+03 +0.496448631629014E+03 -0.423245114021877E+01 
+0.496448631635812E+03 -0.124232750988013E+03 +0.259808014597759E+05 +0.557675488598003E+02 +0.496448631629014E+03 -0.124232451140219E+03 
+0.496448631635813E+03 +0.115767249011987E+03 +0.259808014597902E+05 -0.642324511402105E+02 +0.496448631629014E+03 +0.115767548859781E+03 
_PQbus BESS_La_Cabana_Amp/PQinit/LF BESS_La_Cabana_Amp/s2
3 +0.500000000000000E+02
+0.496448631636244E+03 -0.423276035825571E+01 +0.267927015054001E+05 +0.175767548859763E+03 +0.496448631629015E+03 -0.423245114021779E+01 
+0.496448631636244E+03 -0.124232760358256E+03 +0.267927015053940E+05 +0.557675488598072E+02 +0.496448631629015E+03 -0.124232451140218E+03 
+0.496448631636244E+03 +0.115767239641744E+03 +0.267927015054030E+05 -0.642324511402236E+02 +0.496448631629015E+03 +0.115767548859782E+03 
_PQbus LF1 MAIPO220_NORTEG
3 +0.600000000000000E+02
+0.188403543824297E+06 -0.414200736853094E+02 +0.148401696365138E+03 +0.346164796035283E+02 +0.188447975207959E+06 -0.414234680797913E+02 
+0.188403543824297E+06 -0.161420073685309E+03 +0.148401696365118E+03 -0.853835203964640E+02 +0.188447975207959E+06 -0.161423468079791E+03 
+0.188403543824297E+06 +0.785799263146906E+02 +0.148401696365181E+03 +0.154616479603534E+03 +0.188447975207959E+06 +0.785765319202087E+02 
_PQbus LF2 s756
3 +0.500000000000000E+02
+0.420257228652460E+06 -0.373316004291688E+02 +0.339317870013980E+03 +0.648731255510688E+02 +0.420359664914194E+06 -0.373286165416182E+02 
+0.420257228652460E+06 -0.157331600429169E+03 +0.339317870013977E+03 -0.551268744489258E+02 +0.420359664914194E+06 -0.157328616541618E+03 
+0.420257228652460E+06 +0.826683995708313E+02 +0.339317870014015E+03 -0.175126874448928E+03 +0.420359664914194E+06 +0.826713834583818E+02 
_PQload ATR_LASTARR_220/Load_a LASTARRIA220a
1 +0.500000000000000E+02
+0.000000000000000E+00 +0.000000000000000E+00 +0.980575854905382E+02 -0.450641401604710E+02 +0.182280389465032E+06 -0.473299804630224E+02 
_PQload ATR_LASTARR_220/Load_b LASTARRIA220b
1 +0.500000000000000E+02
+0.000000000000000E+00 +0.000000000000000E+00 +0.980575854905668E+02 -0.165064140160480E+03 +0.182280389464979E+06 -0.167329980463032E+03 
_PQload ATR_LASTARR_220/Load_c LASTARRIA220c
1 +0.500000000000000E+02
+0.000000000000000E+00 +0.000000000000000E+00 +0.980575854905470E+02 +0.749358598395351E+02 +0.182280389465016E+06 +0.726700195369837E+02 
_PQload ATR_METR_220_1/Load_a METRENCO220a
1 +0.500000000000000E+02
+0.000000000000000E+00 +0.000000000000000E+00 +0.175112775885354E+03 -0.384196000039410E+02 +0.184065621734503E+06 -0.430582558219297E+02 
_PQload ATR_METR_220_1/Load_b METRENCO220b
1 +0.500000000000000E+02
+0.000000000000000E+00 +0.000000000000000E+00 +0.175112775885369E+03 -0.158419600003950E+03 +0.184065621734487E+06 -0.163058255821939E+03 
_PQload ATR_METR_220_1/Load_c METRENCO220c
1 +0.500000000000000E+02
+0.000000000000000E+00 +0.000000000000000E+00 +0.175112775885337E+03 +0.815803999960560E+02 +0.184065621734521E+06 +0.769417441780674E+02 
_PQload ATR_PICHIRRO/Load_a PICHIRRO220a
1 +0.500000000000000E+02
+0.000000000000000E+00 +0.000000000000000E+00 +0.166430939238168E+03 -0.620522745377134E+02 +0.179677651015949E+06 -0.515189316548827E+02 
_PQload ATR_PICHIRRO/Load_b PICHIRRO220b
1 +0.500000000000000E+02
+0.000000000000000E+00 +0.000000000000000E+00 +0.166430939238259E+03 +0.177947725462274E+03 +0.179677651015850E+06 -0.171518931654896E+03 
_PQload ATR_PICHIRRO/Load_c PICHIRRO220c
1 +0.500000000000000E+02
+0.000000000000000E+00 +0.000000000000000E+00 +0.166430939238217E+03 +0.579477254623011E+02 +0.179677651015896E+06 +0.684810683451317E+02 
_PQload ATR_VALDIV_220/Load_a VALDIVIA220a
1 +0.500000000000000E+02
+0.000000000000000E+00 +0.000000000000000E+00 +0.148051571911926E+03 -0.613005803960234E+02 +0.180083534522564E+06 -0.506228399294411E+02 
_PQload ATR_VALDIV_220/Load_b VALDIVIA220b
1 +0.500000000000000E+02
+0.000000000000000E+00 +0.000000000000000E+00 +0.148051571911996E+03 +0.178699419603964E+03 +0.180083534522478E+06 -0.170622839929453E+03 
_PQload ATR_VALDIV_220/Load_c VALDIVIA220c
1 +0.500000000000000E+02
+0.000000000000000E+00 +0.000000000000000E+00 +0.148051571911959E+03 +0.586994196039883E+02 +0.180083534522523E+06 +0.693771600705706E+02 
_PQload CHARRUA_154/Load_a CHARRUA220a
1 +0.500000000000000E+02
+0.000000000000000E+00 +0.000000000000000E+00 +0.588263010230559E+03 -0.588198132225804E+02 +0.189421915844869E+06 -0.368802728611391E+02 
_PQload CHARRUA_154/Load_b CHARRUA220b
1 +0.500000000000000E+02
+0.000000000000000E+00 +0.000000000000000E+00 +0.588263010230558E+03 -0.178819813222580E+03 +0.189421915844869E+06 -0.156880272861139E+03 
_PQload CHARRUA_154/Load_c CHARRUA220c
1 +0.500000000000000E+02
+0.000000000000000E+00 +0.000000000000000E+00 +0.588263010230559E+03 +0.611801867774196E+02 +0.189421915844869E+06 +0.831197271388609E+02 
_PQload CLAJA_220/Load_a MDOLO220a
1 +0.500000000000000E+02
+0.000000000000000E+00 +0.000000000000000E+00 +0.472229930394063E+02 -0.948693361401138E+00 +0.188104021156645E+06 -0.381712024358317E+02 
_PQload CLAJA_220/Load_b MDOLO220b
1 +0.500000000000000E+02
+0.000000000000000E+00 +0.000000000000000E+00 +0.472229930394121E+02 -0.120948693361400E+03 +0.188104021156622E+06 -0.158171202435831E+03 
_PQload CLAJA_220/Load_c MDOLO220c
1 +0.500000000000000E+02
+0.000000000000000E+00 +0.000000000000000E+00 +0.472229930394098E+02 +0.119051306638595E+03 +0.188104021156631E+06 +0.818287975641643E+02 
_PQload CONCEPCION_220/Load_a CONCEPCION220a
1 +0.500000000000000E+02
+0.000000000000000E+00 +0.000000000000000E+00 +0.485941996508191E+03 -0.559985639083654E+02 +0.182724880968903E+06 -0.405849823708614E+02 
_PQload CONCEPCION_220/Load_b CONCEPCION220b
1 +0.500000000000000E+02
+0.000000000000000E+00 +0.000000000000000E+00 +0.485941996508191E+03 -0.175998563908365E+03 +0.182724880968903E+06 -0.160584982370861E+03 
_PQload CONCEPCION_220/Load_c CONCEPCION220c
1 +0.500000000000000E+02
+0.000000000000000E+00 +0.000000000000000E+00 +0.485941996508191E+03 +0.640014360916346E+02 +0.182724880968903E+06 +0.794150176291386E+02 
_PQload FCR_154/Load_a LAGUNILLAS220a
1 +0.500000000000000E+02
+0.000000000000000E+00 +0.000000000000000E+00 +0.361192554634395E+03 -0.689217005303825E+02 +0.187261358475264E+06 -0.420737843632508E+02 
_PQload FCR_154/Load_b LAGUNILLAS220b
1 +0.500000000000000E+02
+0.000000000000000E+00 +0.000000000000000E+00 +0.361192554634395E+03 +0.171078299469618E+03 +0.187261358475264E+06 -0.162073784363251E+03 
_PQload FCR_154/Load_c LAGUNILLAS220c
1 +0.500000000000000E+02
+0.000000000000000E+00 +0.000000000000000E+00 +0.361192554634395E+03 +0.510782994696175E+02 +0.187261358475264E+06 +0.779262156367492E+02 
_PQload INFOR_220/Load_a INFORSA220a
1 +0.500000000000000E+02
+0.000000000000000E+00 +0.000000000000000E+00 +0.675413141024006E+02 -0.611281681126588E+02 +0.186259926982175E+06 -0.393211204442175E+02 
_PQload INFOR_220/Load_b INFORSA220b
1 +0.500000000000000E+02
+0.000000000000000E+00 +0.000000000000000E+00 +0.675413141024177E+02 +0.178871831887343E+03 +0.186259926982127E+06 -0.159321120444216E+03 
_PQload INFOR_220/Load_c INFORSA220c
1 +0.500000000000000E+02
+0.000000000000000E+00 +0.000000000000000E+00 +0.675413141024105E+02 +0.588718318873329E+02 +0.186259926982147E+06 +0.806788795557742E+02 
_PQload L_LLANQUI/Load_a TLLANQUIHUE220a
1 +0.500000000000000E+02
+0.000000000000000E+00 +0.000000000000000E+00 +0.122667472269690E+03 -0.668129011506842E+02 +0.179003772011297E+06 -0.531141845555564E+02 
_PQload L_LLANQUI/Load_b TLLANQUIHUE220b
1 +0.500000000000000E+02
+0.000000000000000E+00 +0.000000000000000E+00 +0.122667472269885E+03 +0.173187098849279E+03 +0.179003772011012E+06 -0.173114184555594E+03 
_PQload L_LLANQUI/Load_c TLLANQUIHUE220c
1 +0.500000000000000E+02
+0.000000000000000E+00 +0.000000000000000E+00 +0.122667472269836E+03 +0.531870988493616E+02 +0.179003772011084E+06 +0.668858154444894E+02 
_PQload L_MAMPIL220/Load_a MAMPIL220a
1 +0.500000000000000E+02
+0.000000000000000E+00 +0.000000000000000E+00 +0.653575948169240E+01 -0.421028884882778E+02 +0.190611806276140E+06 -0.365753483366216E+02 
_PQload L_MAMPIL220/Load_b MAMPIL220b
1 +0.500000000000000E+02
+0.000000000000000E+00 +0.000000000000000E+00 +0.653575948169242E+01 -0.162102888488278E+03 +0.190611806276139E+06 -0.156575348336622E+03 
_PQload L_MAMPIL220/Load_c MAMPIL220c
1 +0.500000000000000E+02
+0.000000000000000E+00 +0.000000000000000E+00 +0.653575948169242E+01 +0.778971115117221E+02 +0.190611806276139E+06 +0.834246516633783E+02 
_PQload L_PTOMONTT/Load_a PMONTT220a
1 +0.500000000000000E+02
+0.000000000000000E+00 +0.000000000000000E+00 +0.896519848598277E+02 -0.544037233566371E+02 +0.178492669101999E+06 -0.534488821027602E+02 
_PQload L_PTOMONTT/Load_b PMONTT220b
1 +0.500000000000000E+02
+0.000000000000000E+00 +0.000000000000000E+00 +0.896519848606724E+02 -0.174403723356923E+03 +0.178492669100318E+06 -0.173448882103047E+03 
_PQload L_PTOMONTT/Load_c PMONTT220c
1 +0.500000000000000E+02
+0.000000000000000E+00 +0.000000000000000E+00 +0.896519848600187E+02 +0.655962766430600E+02 +0.178492669101619E+06 +0.665511178969370E+02 
_PQload L_RUCUE220/Load_a RUCUE220a
1 +0.500000000000000E+02
+0.000000000000000E+00 +0.000000000000000E+00 +0.461928998092888E+01 -0.485507976563645E+02 +0.190210034244888E+06 -0.367293093157572E+02 
_PQload L_RUCUE220/Load_b RUCUE220b
1 +0.500000000000000E+02
+0.000000000000000E+00 +0.000000000000000E+00 +0.461928998092889E+01 -0.168550797656364E+03 +0.190210034244888E+06 -0.156729309315757E+03 
_PQload L_RUCUE220/Load_c RUCUE220c
1 +0.500000000000000E+02
+0.000000000000000E+00 +0.000000000000000E+00 +0.461928998092889E+01 +0.714492023436356E+02 +0.190210034244888E+06 +0.832706906842428E+02 
_PQload Load2/Load_a GAMBOA220a
1 +0.500000000000000E+02
+0.000000000000000E+00 +0.000000000000000E+00 +0.123564551429095E+03 -0.647774205522251E+02 +0.179642438154462E+06 -0.546757388389583E+02 
_PQload Load2/Load_b GAMBOA220b
1 +0.500000000000000E+02
+0.000000000000000E+00 +0.000000000000000E+00 +0.123564551429337E+03 +0.175222579447715E+03 +0.179642438154110E+06 -0.174675738839018E+03 
_PQload Load2/Load_c GAMBOA220c
1 +0.500000000000000E+02
+0.000000000000000E+00 +0.000000000000000E+00 +0.123564551429229E+03 +0.552225794477851E+02 +0.179642438154268E+06 +0.653242611610520E+02 
_PQload MAULE_220/Load_a SE_MAULE220a
1 +0.500000000000000E+02
+0.000000000000000E+00 +0.000000000000000E+00 +0.343624129150776E+03 -0.538963343500554E+02 +0.185664738272163E+06 -0.393721824126362E+02 
_PQload MAULE_220/Load_b SE_MAULE220b
1 +0.500000000000000E+02
+0.000000000000000E+00 +0.000000000000000E+00 +0.343624129150776E+03 -0.173896334350055E+03 +0.185664738272163E+06 -0.159372182412636E+03 
_PQload MAULE_220/Load_c SE_MAULE220c
1 +0.500000000000000E+02
+0.000000000000000E+00 +0.000000000000000E+00 +0.343624129150776E+03 +0.661036656499446E+02 +0.185664738272163E+06 +0.806278175873638E+02 
_PQload MELI_220_66/Load_a PMONTT220a
1 +0.500000000000000E+02
+0.000000000000000E+00 +0.000000000000000E+00 +0.148950822593455E+03 -0.711114524568515E+02 +0.178492669101999E+06 -0.534488821027602E+02 
_PQload MELI_220_66/Load_b PMONTT220b
1 +0.500000000000000E+02
+0.000000000000000E+00 +0.000000000000000E+00 +0.148950822594859E+03 +0.168888547542862E+03 +0.178492669100318E+06 -0.173448882103047E+03 
_PQload MELI_220_66/Load_c PMONTT220c
1 +0.500000000000000E+02
+0.000000000000000E+00 +0.000000000000000E+00 +0.148950822593773E+03 +0.488885475428457E+02 +0.178492669101619E+06 +0.665511178969370E+02 
_PQload MINERO_220/Load_a MINERO220a
1 +0.500000000000000E+02
+0.000000000000000E+00 +0.000000000000000E+00 +0.622452508065817E+03 -0.551850266796907E+02 +0.186115687551802E+06 -0.420124732563638E+02 
_PQload MINERO_220/Load_b MINERO220b
1 +0.500000000000000E+02
+0.000000000000000E+00 +0.000000000000000E+00 +0.622452508065819E+03 -0.175185026679691E+03 +0.186115687551801E+06 -0.162012473256364E+03 
_PQload MINERO_220/Load_c MINERO220c
1 +0.500000000000000E+02
+0.000000000000000E+00 +0.000000000000000E+00 +0.622452508065815E+03 +0.648149733203092E+02 +0.186115687551802E+06 +0.779875267436361E+02 
_PQload PICOLTUE_220/Load_a MULCHEN220a
1 +0.500000000000000E+02
+0.000000000000000E+00 +0.000000000000000E+00 +0.407088390917826E+02 -0.900218112942238E+02 +0.189905158906490E+06 -0.350138314927014E+02 
_PQload PICOLTUE_220/Load_b MULCHEN220b
1 +0.500000000000000E+02
+0.000000000000000E+00 +0.000000000000000E+00 +0.407088390917826E+02 +0.149978188705776E+03 +0.189905158906490E+06 -0.155013831492701E+03 
_PQload PICOLTUE_220/Load_c MULCHEN220c
1 +0.500000000000000E+02
+0.000000000000000E+00 +0.000000000000000E+00 +0.407088390917826E+02 +0.299781887057763E+02 +0.189905158906490E+06 +0.849861685072986E+02 
_PQload PILAUCO_220/Load_a RAHUE220a
1 +0.500000000000000E+02
+0.000000000000000E+00 +0.000000000000000E+00 +0.212436227600941E+03 -0.558339631120914E+02 +0.179821682643175E+06 -0.524322724185581E+02 
_PQload PILAUCO_220/Load_b RAHUE220b
1 +0.500000000000000E+02
+0.000000000000000E+00 +0.000000000000000E+00 +0.212436227601044E+03 -0.175833963112104E+03 +0.179821682643088E+06 -0.172432272418571E+03 
_PQload PILAUCO_220/Load_c RAHUE220c
1 +0.500000000000000E+02
+0.000000000000000E+00 +0.000000000000000E+00 +0.212436227600998E+03 +0.641660368879217E+02 +0.179821682643127E+06 +0.675677275814551E+02 
_PQload TINGUIRI_220/Load_a PNEGRO220a
1 +0.500000000000000E+02
+0.000000000000000E+00 +0.000000000000000E+00 +0.772780195795801E+03 -0.604696717103765E+02 +0.185866791231649E+06 -0.387245584604384E+02 
_PQload TINGUIRI_220/Load_b PNEGRO220b
1 +0.500000000000000E+02
+0.000000000000000E+00 +0.000000000000000E+00 +0.772780195795801E+03 +0.179530328289624E+03 +0.185866791231649E+06 -0.158724558460438E+03 
_PQload TINGUIRI_220/Load_c PNEGRO220c
1 +0.500000000000000E+02
+0.000000000000000E+00 +0.000000000000000E+00 +0.772780195795801E+03 +0.595303282896235E+02 +0.185866791231649E+06 +0.812754415395616E+02 
_PQload TR_CHILOE_110/Load_a CHILOE110a
1 +0.500000000000000E+02
+0.000000000000000E+00 +0.000000000000000E+00 +0.255342515846045E+03 -0.615823376819258E+02 +0.895306705397145E+05 -0.565633837357528E+02 
_PQload TR_CHILOE_110/Load_b CHILOE110b
1 +0.500000000000000E+02
+0.000000000000000E+00 +0.000000000000000E+00 +0.255342515846500E+03 +0.178417662318018E+03 +0.895306705395550E+05 -0.176563383735809E+03 
_PQload TR_CHILOE_110/Load_c CHILOE110c
1 +0.500000000000000E+02
+0.000000000000000E+00 +0.000000000000000E+00 +0.255342515846339E+03 +0.584176623180946E+02 +0.895306705396112E+05 +0.634366162642677E+02 
_PQload TR_CPACIFICO/Load_a PACIFICO220a
1 +0.500000000000000E+02
+0.000000000000000E+00 +0.000000000000000E+00 +0.733521937520376E+02 -0.675404257321069E+02 +0.185637518358952E+06 -0.396329464888656E+02 
_PQload TR_CPACIFICO/Load_b PACIFICO220b
1 +0.500000000000000E+02
+0.000000000000000E+00 +0.000000000000000E+00 +0.733521937520564E+02 +0.172459574267894E+03 +0.185637518358904E+06 -0.159632946488864E+03 
_PQload TR_CPACIFICO/Load_c PACIFICO220c
1 +0.500000000000000E+02
+0.000000000000000E+00 +0.000000000000000E+00 +0.733521937520485E+02 +0.524595742678847E+02 +0.185637518358924E+06 +0.803670535111260E+02 
_PQload TR_DICHATO/Load_a DICHATO220a
1 +0.500000000000000E+02
+0.000000000000000E+00 +0.000000000000000E+00 +0.132079122459414E+03 -0.514067027373006E+02 +0.188754092358987E+06 -0.414280120772884E+02 
_PQload TR_DICHATO/Load_b DICHATO220b
1 +0.500000000000000E+02
+0.000000000000000E+00 +0.000000000000000E+00 +0.132079122459414E+03 -0.171406702737301E+03 +0.188754092358987E+06 -0.161428012077288E+03 
_PQload TR_DICHATO/Load_c DICHATO220c
1 +0.500000000000000E+02
+0.000000000000000E+00 +0.000000000000000E+00 +0.132079122459414E+03 +0.685932972626995E+02 +0.188754092358987E+06 +0.785719879227117E+02 
_PQload TR_DUQUE_N1/Load_a DUQUECO66a
1 +0.500000000000000E+02
+0.000000000000000E+00 +0.000000000000000E+00 +0.203886935743525E+03 -0.385072814623979E+02 +0.528714603515512E+05 -0.365225783498878E+02 
_PQload TR_DUQUE_N1/Load_b DUQUECO66b
1 +0.500000000000000E+02
+0.000000000000000E+00 +0.000000000000000E+00 +0.203886935743525E+03 -0.158507281462398E+03 +0.528714603515512E+05 -0.156522578349888E+03 
_PQload TR_DUQUE_N1/Load_c DUQUECO66c
1 +0.500000000000000E+02
+0.000000000000000E+00 +0.000000000000000E+00 +0.203886935743525E+03 +0.814927185376021E+02 +0.528714603515512E+05 +0.834774216501122E+02 
_PQload TR_HUALP_N1/Load_a HUALP220a
1 +0.500000000000000E+02
+0.000000000000000E+00 +0.000000000000000E+00 +0.313867904794456E+03 -0.256006602423177E+02 +0.187771727891649E+06 -0.417846462192803E+02 
_PQload TR_HUALP_N1/Load_b HUALP220b
1 +0.500000000000000E+02
+0.000000000000000E+00 +0.000000000000000E+00 +0.313867904794456E+03 -0.145600660242318E+03 +0.187771727891648E+06 -0.161784646219280E+03 
_PQload TR_HUALP_N1/Load_c HUALP220c
1 +0.500000000000000E+02
+0.000000000000000E+00 +0.000000000000000E+00 +0.313867904794456E+03 +0.943993397576823E+02 +0.187771727891648E+06 +0.782153537807197E+02 
_PQload TR_HUALQUI_220/Load_a HUALQUI220a
1 +0.500000000000000E+02
+0.000000000000000E+00 +0.000000000000000E+00 +0.117600371020339E+03 -0.499222335357270E+02 +0.188243441852090E+06 -0.411747594381819E+02 
_PQload TR_HUALQUI_220/Load_b HUALQUI220b
1 +0.500000000000000E+02
+0.000000000000000E+00 +0.000000000000000E+00 +0.117600371020339E+03 -0.169922233535727E+03 +0.188243441852090E+06 -0.161174759438182E+03 
_PQload TR_HUALQUI_220/Load_c HUALQUI220c
1 +0.500000000000000E+02
+0.000000000000000E+00 +0.000000000000000E+00 +0.117600371020339E+03 +0.700777664642730E+02 +0.188243441852090E+06 +0.788252405618182E+02 
_PQload TR_ITAHUE_N1/Load_a ITAHUE220a
1 +0.500000000000000E+02
+0.000000000000000E+00 +0.000000000000000E+00 +0.260616854455324E+03 -0.612268733447427E+02 +0.187403769920773E+06 -0.398698672254203E+02 
_PQload TR_ITAHUE_N1/Load_b ITAHUE220b
1 +0.500000000000000E+02
+0.000000000000000E+00 +0.000000000000000E+00 +0.260616854455324E+03 +0.178773126655257E+03 +0.187403769920774E+06 -0.159869867225420E+03 
_PQload TR_ITAHUE_N1/Load_c ITAHUE220c
1 +0.500000000000000E+02
+0.000000000000000E+00 +0.000000000000000E+00 +0.260616854455324E+03 +0.587731266552573E+02 +0.187403769920773E+06 +0.801301327745797E+02 
_PQload TR_LGUINDOS/Load_a LGUINDOS220a
1 +0.500000000000000E+02
+0.000000000000000E+00 +0.000000000000000E+00 +0.148586762656886E+03 -0.599710683109731E+02 +0.187390508044813E+06 -0.420089822214336E+02 
_PQload TR_LGUINDOS/Load_b LGUINDOS220b
1 +0.500000000000000E+02
+0.000000000000000E+00 +0.000000000000000E+00 +0.148586762656886E+03 -0.179971068310973E+03 +0.187390508044812E+06 -0.162008982221434E+03 
_PQload TR_LGUINDOS/Load_c LGUINDOS220c
1 +0.500000000000000E+02
+0.000000000000000E+00 +0.000000000000000E+00 +0.148586762656887E+03 +0.600289316890269E+02 +0.187390508044812E+06 +0.779910177785663E+02 
_PQload TR_LPEU_N1/Load_a LPEUMOS220a
1 +0.500000000000000E+02
+0.000000000000000E+00 +0.000000000000000E+00 +0.127017427903217E+03 -0.643694731442379E+02 +0.185396430054100E+06 -0.410196618231955E+02 
_PQload TR_LPEU_N1/Load_b LPEUMOS220b
1 +0.500000000000000E+02
+0.000000000000000E+00 +0.000000000000000E+00 +0.127017427903218E+03 +0.175630526855762E+03 +0.185396430054099E+06 -0.161019661823196E+03 
_PQload TR_LPEU_N1/Load_c LPEUMOS220c
1 +0.500000000000000E+02
+0.000000000000000E+00 +0.000000000000000E+00 +0.127017427903218E+03 +0.556305268557621E+02 +0.185396430054099E+06 +0.789803381768045E+02 
_PQload TR_MAPA/Load_a MAPA220a
1 +0.500000000000000E+02
+0.000000000000000E+00 +0.000000000000000E+00 +0.135404287613088E+03 -0.126342139495349E+02 +0.187664544555791E+06 -0.423604503539990E+02 
_PQload TR_MAPA/Load_b MAPA220b
1 +0.500000000000000E+02
+0.000000000000000E+00 +0.000000000000000E+00 +0.135404287613088E+03 -0.132634213949535E+03 +0.187664544555791E+06 -0.162360450353999E+03 
_PQload TR_MAPA/Load_c MAPA220c
1 +0.500000000000000E+02
+0.000000000000000E+00 +0.000000000000000E+00 +0.135404287613088E+03 +0.107365786050465E+03 +0.187664544555791E+06 +0.776395496460010E+02 
_PQload TR_MARIQUINA/Load_a CIRUELOS220a
1 +0.500000000000000E+02
+0.000000000000000E+00 +0.000000000000000E+00 +0.580076973537186E+02 -0.616681213961654E+02 +0.180580596186121E+06 -0.495071470636935E+02 
_PQload TR_MARIQUINA/Load_b CIRUELOS220b
1 +0.500000000000000E+02
+0.000000000000000E+00 +0.000000000000000E+00 +0.580076973537428E+02 +0.178331878603824E+03 +0.180580596186045E+06 -0.169507147063704E+03 
_PQload TR_MARIQUINA/Load_c CIRUELOS220c
1 +0.500000000000000E+02
+0.000000000000000E+00 +0.000000000000000E+00 +0.580076973537291E+02 +0.583318786038452E+02 +0.180580596186088E+06 +0.704928529363171E+02 
_PQload TR_MATAQ_220/Load_a MATAQUITO220a
1 +0.500000000000000E+02
+0.000000000000000E+00 +0.000000000000000E+00 +0.604953675586252E+02 -0.336599809840302E+02 +0.188344844832805E+06 -0.404814518158968E+02 
_PQload TR_MATAQ_220/Load_b MATAQUITO220b
1 +0.500000000000000E+02
+0.000000000000000E+00 +0.000000000000000E+00 +0.604953675586252E+02 -0.153659980984030E+03 +0.188344844832805E+06 -0.160481451815897E+03 
_PQload TR_MATAQ_220/Load_c MATAQUITO220c
1 +0.500000000000000E+02
+0.000000000000000E+00 +0.000000000000000E+00 +0.604953675586252E+02 +0.863400190159698E+02 +0.188344844832805E+06 +0.795185481841032E+02 
_PQload TR_MELIPULLI110/Load_a MELIPU220a
1 +0.500000000000000E+02
+0.000000000000000E+00 +0.000000000000000E+00 +0.233659717559409E+03 -0.595969187880637E+02 +0.178492644586613E+06 -0.534488922193623E+02 
_PQload TR_MELIPULLI110/Load_b MELIPU220b
1 +0.500000000000000E+02
+0.000000000000000E+00 +0.000000000000000E+00 +0.233659717561610E+03 -0.179596918788350E+03 +0.178492644584931E+06 -0.173448892219649E+03 
_PQload TR_MELIPULLI110/Load_c MELIPU220c
1 +0.500000000000000E+02
+0.000000000000000E+00 +0.000000000000000E+00 +0.233659717559907E+03 +0.604030812116334E+02 +0.178492644586232E+06 +0.665511077803348E+02 
_PQload TR_NIRIVI/Load_a NNIRIVI220a
1 +0.500000000000000E+02
+0.000000000000000E+00 +0.000000000000000E+00 +0.113915158581250E+03 -0.640270407216105E+02 +0.188833287961455E+06 -0.411572100765217E+02 
_PQload TR_NIRIVI/Load_b NNIRIVI220b
1 +0.500000000000000E+02
+0.000000000000000E+00 +0.000000000000000E+00 +0.113915158581250E+03 +0.175972959278389E+03 +0.188833287961455E+06 -0.161157210076522E+03 
_PQload TR_NIRIVI/Load_c NNIRIVI220c
1 +0.500000000000000E+02
+0.000000000000000E+00 +0.000000000000000E+00 +0.113915158581250E+03 +0.559729592783895E+02 +0.188833287961455E+06 +0.788427899234783E+02 
_PQload TR_NVACAUQUE/Load_a NVACAUQUE220a
1 +0.500000000000000E+02
+0.000000000000000E+00 +0.000000000000000E+00 +0.131529661379285E+03 -0.716249849517176E+02 +0.188930501597242E+06 -0.414072731069037E+02 
_PQload TR_NVACAUQUE/Load_b NVACAUQUE220b
1 +0.500000000000000E+02
+0.000000000000000E+00 +0.000000000000000E+00 +0.131529661379285E+03 +0.168375015048282E+03 +0.188930501597242E+06 -0.161407273106904E+03 
_PQload TR_NVACAUQUE/Load_c NVACAUQUE220c
1 +0.500000000000000E+02
+0.000000000000000E+00 +0.000000000000000E+00 +0.131529661379285E+03 +0.483750150482824E+02 +0.188930501597242E+06 +0.785927268930963E+02 
_PQload TR_NVA_VALD/Load_a NVA_VALD220a
1 +0.500000000000000E+02
+0.000000000000000E+00 +0.000000000000000E+00 +0.673140139692272E+02 -0.736852568664624E+02 +0.179884121870732E+06 -0.510168608615339E+02 
_PQload TR_NVA_VALD/Load_b NVA_VALD220b
1 +0.500000000000000E+02
+0.000000000000000E+00 +0.000000000000000E+00 +0.673140139692612E+02 +0.166314743133525E+03 +0.179884121870641E+06 -0.171016860861547E+03 
_PQload TR_NVA_VALD/Load_c NVA_VALD220c
1 +0.500000000000000E+02
+0.000000000000000E+00 +0.000000000000000E+00 +0.673140139692441E+02 +0.463147431335503E+02 +0.179884121870687E+06 +0.689831391384787E+02 
_PQload TR_PARGUA_220/Load_a PARGUA220a
1 +0.500000000000000E+02
+0.000000000000000E+00 +0.000000000000000E+00 +0.661393534784585E+02 -0.858154798048978E+02 +0.179286026827396E+06 -0.539125323270866E+02 
_PQload TR_PARGUA_220/Load_b PARGUA220b
1 +0.500000000000000E+02
+0.000000000000000E+00 +0.000000000000000E+00 +0.661393534787580E+02 +0.154184520194968E+03 +0.179286026826585E+06 -0.173912532327221E+03 
_PQload TR_PARGUA_220/Load_c PARGUA220c
1 +0.500000000000000E+02
+0.000000000000000E+00 +0.000000000000000E+00 +0.661393534785549E+02 +0.341845201949999E+02 +0.179286026827135E+06 +0.660874676728111E+02 
_PQload TR_STAFE_220/Load_a STA_FE_220a
1 +0.500000000000000E+02
+0.000000000000000E+00 +0.000000000000000E+00 +0.159666029252658E+03 -0.541700745785654E+02 +0.186256348639822E+06 -0.393235454904311E+02 
_PQload TR_STAFE_220/Load_b STA_FE_220b
1 +0.500000000000000E+02
+0.000000000000000E+00 +0.000000000000000E+00 +0.159666029252698E+03 -0.174170074578564E+03 +0.186256348639775E+06 -0.159323545490430E+03 
_PQload TR_STAFE_220/Load_c STA_FE_220c
1 +0.500000000000000E+02
+0.000000000000000E+00 +0.000000000000000E+00 +0.159666029252681E+03 +0.658299254214263E+02 +0.186256348639795E+06 +0.806764545095606E+02 
_PQload TR_TEMUCO66/Load_a TEMUCO220a
1 +0.500000000000000E+02
+0.000000000000000E+00 +0.000000000000000E+00 +0.345493131152843E+03 -0.593328828621641E+02 +0.184462817139707E+06 -0.419498971296937E+02 
_PQload TR_TEMUCO66/Load_b TEMUCO220b
1 +0.500000000000000E+02
+0.000000000000000E+00 +0.000000000000000E+00 +0.345493131152843E+03 -0.179332882862164E+03 +0.184462817139707E+06 -0.161949897129694E+03 
_PQload TR_TEMUCO66/Load_c TEMUCO220c
1 +0.500000000000000E+02
+0.000000000000000E+00 +0.000000000000000E+00 +0.345493131152843E+03 +0.606671171378359E+02 +0.184462817139707E+06 +0.780501028703063E+02 
_PQload TR_TUNICHE_N1/Load_a TUNICHE220a
1 +0.500000000000000E+02
+0.000000000000000E+00 +0.000000000000000E+00 +0.205937616446025E+03 -0.409644065247147E+02 +0.186765685117256E+06 -0.415602849831447E+02 
_PQload TR_TUNICHE_N1/Load_b TUNICHE220b
1 +0.500000000000000E+02
+0.000000000000000E+00 +0.000000000000000E+00 +0.205937616446025E+03 -0.160964406524715E+03 +0.186765685117256E+06 -0.161560284983145E+03 
_PQload TR_TUNICHE_N1/Load_c TUNICHE220c
1 +0.500000000000000E+02
+0.000000000000000E+00 +0.000000000000000E+00 +0.205937616446025E+03 +0.790355934752853E+02 +0.186765685117256E+06 +0.784397150168553E+02 
_PQload TR_VARONES/Load_a LVARONES220a
1 +0.500000000000000E+02
+0.000000000000000E+00 +0.000000000000000E+00 +0.133733324961539E+03 -0.485469178244905E+02 +0.188320307077377E+06 -0.381769563772111E+02 
_PQload TR_VARONES/Load_b LVARONES220b
1 +0.500000000000000E+02
+0.000000000000000E+00 +0.000000000000000E+00 +0.133733324961539E+03 -0.168546917824491E+03 +0.188320307077377E+06 -0.158176956377211E+03 
_PQload TR_VARONES/Load_c LVARONES220c
1 +0.500000000000000E+02
+0.000000000000000E+00 +0.000000000000000E+00 +0.133733324961539E+03 +0.714530821755095E+02 +0.188320307077377E+06 +0.818230436227889E+02 
_PQload l_CUNCO110/Load_a CUNCO110a
1 +0.500000000000000E+02
+0.000000000000000E+00 +0.000000000000000E+00 +0.200665965706971E+02 +0.456546302201241E+02 +0.930235807663499E+05 -0.443453697798759E+02 
_PQload l_CUNCO110/Load_b CUNCO110b
1 +0.500000000000000E+02
+0.000000000000000E+00 +0.000000000000000E+00 +0.200665965707002E+02 -0.743453697798908E+02 +0.930235807663353E+05 -0.164345369779891E+03 
_PQload l_CUNCO110/Load_c CUNCO110c
1 +0.500000000000000E+02
+0.000000000000000E+00 +0.000000000000000E+00 +0.200665965706946E+02 +0.165654630220120E+03 +0.930235807663615E+05 +0.756546302201199E+02 
_PQload TR_COLBUN_N1/Load_a COLBUN220a
1 +0.500000000000000E+02
+0.000000000000000E+00 +0.000000000000000E+00 +0.584534727744123E+03 -0.544366122399640E+02 +0.187521565368422E+06 -0.374626834104233E+02 
_PQload TR_COLBUN_N1/Load_b COLBUN220b
1 +0.500000000000000E+02
+0.000000000000000E+00 +0.000000000000000E+00 +0.584534727744123E+03 -0.174436612239964E+03 +0.187521565368422E+06 -0.157462683410423E+03 
_PQload TR_COLBUN_N1/Load_c COLBUN220c
1 +0.500000000000000E+02
+0.000000000000000E+00 +0.000000000000000E+00 +0.584534727744123E+03 +0.655633877600360E+02 +0.187521565368422E+06 +0.825373165895768E+02 
