_Slack Central_Ralco/Ralco_U1/LF_RALC_U1 Central_Ralco/Ralco_U1/s13
3 +0.500000000000000E+02
+0.134885069849354E+05 +0.265828921032967E+02 +0.960875930061941E+04 -0.530483549173327E+01 +0.114930058731387E+05 -0.126260786842949E-12 
+0.134885069849354E+05 -0.934171078967034E+02 +0.960875930061901E+04 -0.125304835491734E+03 +0.114930058731387E+05 -0.120000000000000E+03 
+0.134885069849354E+05 +0.146582892103297E+03 +0.960875930061910E+04 +0.114695164508268E+03 +0.114930058731387E+05 +0.120000000000000E+03 
_PVbus C_ANGOSTURA/Angostura_U1/LF2 C_ANGOSTURA/Angostura_U1/s8
3 +0.500000000000000E+02
+0.115158201288177E+05 +0.233877890818080E+02 +0.443956006302380E+04 +0.817367311831925E+01 +0.112676528168026E+05 -0.135437066666059E+01 
+0.115158201288177E+05 -0.966122109181920E+02 +0.443956006302381E+04 -0.111826326881682E+03 +0.112676528168026E+05 -0.121354370666661E+03 
+0.115158201288177E+05 +0.143387789081808E+03 +0.443956006302373E+04 +0.128173673118319E+03 +0.112676528168026E+05 +0.118645629333339E+03 
_PVbus Central_Canutillar/Canutillar_U1/LF_CANU_U1 Central_Canutillar/Canutillar_U1/s13
3 +0.500000000000000E+02
+0.128395595340271E+05 -0.538294669876575E+01 +0.161141825734513E+04 -0.416538328754457E+02 +0.111395966098995E+05 -0.198524233910141E+02 
+0.128395595340271E+05 -0.125382946698766E+03 +0.161141825746292E+04 -0.161653832876977E+03 +0.111395966098580E+05 -0.139852423391247E+03 
+0.128395595340271E+05 +0.114617053301234E+03 +0.161141825736672E+04 +0.783461671201613E+02 +0.111395966098396E+05 +0.100147576609054E+03 
_PVbus Central_Canutillar/Canutillar_U2/LF_CANU_U2 Central_Canutillar/Canutillar_U2/s13
3 +0.500000000000000E+02
+0.128395595340271E+05 -0.538294669876575E+01 +0.161141825734513E+04 -0.416538328754457E+02 +0.111395966098995E+05 -0.198524233910141E+02 
+0.128395595340271E+05 -0.125382946698766E+03 +0.161141825746292E+04 -0.161653832876977E+03 +0.111395966098580E+05 -0.139852423391247E+03 
+0.128395595340271E+05 +0.114617053301234E+03 +0.161141825736672E+04 +0.783461671201613E+02 +0.111395966098396E+05 +0.100147576609054E+03 
_PVbus Central_Colbun/Colbun_U1/LF_COLB_U1 Central_Colbun/Colbun_U1/s13
3 +0.500000000000000E+02
+0.135977708050096E+05 +0.173333269262267E+02 +0.584596546532711E+04 -0.155011087107956E+02 +0.115942514491737E+05 -0.542092951362433E+01 
+0.135977708050096E+05 -0.102666673073773E+03 +0.584596546532711E+04 -0.135501108710796E+03 +0.115942514491737E+05 -0.125420929513624E+03 
+0.135977708050096E+05 +0.137333326926227E+03 +0.584596546532711E+04 +0.104498891289204E+03 +0.115942514491737E+05 +0.114579070486376E+03 
_PVbus Central_Colbun/Colbun_U2/LF_COLB_U2 Central_Colbun/Colbun_U2/s4
3 +0.500000000000000E+02
+0.135938409812186E+05 +0.173638284510096E+02 +0.584515061309251E+04 -0.154325605648706E+02 +0.115942514491737E+05 -0.539741198103854E+01 
+0.135938409812186E+05 -0.102636171548990E+03 +0.584515061309251E+04 -0.135432560564871E+03 +0.115942514491737E+05 -0.125397411981039E+03 
+0.135938409812186E+05 +0.137363828451010E+03 +0.584515061309251E+04 +0.104567439435129E+03 +0.115942514491737E+05 +0.114602588018961E+03 
_PVbus Central_LaConfluencia/LaConfluencia_U1/LF_LCONFLUE_U1 Central_LaConfluencia/LaConfluencia_U1/s3
3 +0.500000000000000E+02
+0.131832512700919E+05 +0.665913189313987E+01 +0.152358987355055E+04 -0.150081927003815E+02 +0.123290983720087E+05 -0.858753083391985E+01 
+0.131832512700919E+05 -0.113340868106860E+03 +0.152358987355055E+04 -0.135008192700381E+03 +0.123290983720087E+05 -0.128587530833920E+03 
+0.131832512700919E+05 +0.126659131893140E+03 +0.152358987355055E+04 +0.104991807299619E+03 +0.123290983720087E+05 +0.111412469166080E+03 
_PVbus Central_LaConfluencia/LaConfluencia_U2/LF_LCONFLUE_U2 Central_LaConfluencia/LaConfluencia_U2/s1
3 +0.500000000000000E+02
+0.114754796507599E+05 +0.887921387900490E+01 +0.163436913051227E+04 +0.144475717105376E+02 +0.124107480301014E+05 -0.858578774389381E+01 
+0.114754796507599E+05 -0.111120786120995E+03 +0.163436913051227E+04 -0.105552428289462E+03 +0.124107480301014E+05 -0.128585787743894E+03 
+0.114754796507599E+05 +0.128879213879005E+03 +0.163436913051227E+04 +0.134447571710538E+03 +0.124107480301014E+05 +0.111414212256106E+03 
_PVbus Central_LaHiguera/LaHiguera_U1/LF_LHIGUER_U1 Central_LaHiguera/LaHiguera_U1/s13
3 +0.500000000000000E+02
+0.132881545305143E+05 +0.103345392717904E+02 +0.233468420110599E+04 -0.203464283770453E+02 +0.116759011072665E+05 -0.837488124954719E+01 
+0.132881545305143E+05 -0.109665460728210E+03 +0.233468420110598E+04 -0.140346428377045E+03 +0.116759011072665E+05 -0.128374881249547E+03 
+0.132881545305143E+05 +0.130334539271790E+03 +0.233468420110598E+04 +0.996535716229548E+02 +0.116759011072665E+05 +0.111625118750453E+03 
_PVbus Central_LaHiguera/LaHuiguera_U2/LF_LHIGUER_U2 Central_LaHiguera/LaHuiguera_U2/s13
3 +0.500000000000000E+02
+0.132874934434087E+05 +0.103378806922718E+02 +0.233460664082360E+04 -0.203350764359381E+02 +0.116759011072665E+05 -0.837250971497049E+01 
+0.132874934434087E+05 -0.109662119307728E+03 +0.233460664082360E+04 -0.140335076435938E+03 +0.116759011072665E+05 -0.128372509714971E+03 
+0.132874934434087E+05 +0.130337880692272E+03 +0.233460664082360E+04 +0.996649235640619E+02 +0.116759011072665E+05 +0.111627490285030E+03 
_PVbus Central_LosHierros/Loma_LHierros/Loma_Alta_LHierros Central_LosHierros/Loma_LHierros/s13
3 +0.500000000000000E+02
+0.120814089402006E+05 +0.354009123973262E+01 +0.510387033406370E+03 -0.969351136040781E+01 +0.117795961730443E+05 -0.604983205137703E+01 
+0.120814089402006E+05 -0.116459908760267E+03 +0.510387033406369E+03 -0.129693511360404E+03 +0.117795961730443E+05 -0.126049832051377E+03 
+0.120814089402006E+05 +0.123540091239733E+03 +0.510387033406401E+03 +0.110306488639594E+03 +0.117795961730443E+05 +0.113950167948623E+03 
_PVbus Central_Pangue/Pangue_U1/LF_PANG_U1 Central_Pangue/Pangue_U1/s13
3 +0.500000000000000E+02
+0.121352848415623E+05 +0.145230523547225E+02 +0.494437055034104E+04 -0.126644977330842E+02 +0.110227038425243E+05 -0.786279617117271E+00 
+0.121352848415623E+05 -0.105476947645277E+03 +0.494437055034110E+04 -0.132664497733085E+03 +0.110227038425243E+05 -0.120786279617117E+03 
+0.121352848415623E+05 +0.134523052354723E+03 +0.494437055034099E+04 +0.107335502266915E+03 +0.110227038425243E+05 +0.119213720382883E+03 
_PVbus Central_Peuchen/Peuchen_U1/LF_PEUCH_U1 Central_Peuchen/Peuchen_U1/s13
3 +0.500000000000000E+02
+0.140012628983974E+05 +0.135921161728654E+02 +0.114555510562862E+04 -0.272142045809791E+02 +0.115126017910809E+05 -0.399380270241305E+01 
+0.140012628983974E+05 -0.106407883827135E+03 +0.114555510562862E+04 -0.147214204580979E+03 +0.115126017910809E+05 -0.123993802702413E+03 
+0.140012628983974E+05 +0.133592116172865E+03 +0.114555510562862E+04 +0.927857954190211E+02 +0.115126017910809E+05 +0.116006197297587E+03 
_PVbus Central_Antuco/Antuco_U2/LF_ANTU_U2 Central_Antuco/Antuco_U2/s13
3 +0.500000000000000E+02
+0.129451357350839E+05 +0.253881232012065E+02 +0.503920191459006E+04 -0.885238978278471E+01 +0.107777548682460E+05 -0.151600650111017E+01 
+0.129451357350839E+05 -0.946118767987936E+02 +0.503920191459006E+04 -0.128852389782785E+03 +0.107777548682460E+05 -0.121516006501110E+03 
+0.129451357350839E+05 +0.145388123201206E+03 +0.503920191459005E+04 +0.111147610217215E+03 +0.107777548682460E+05 +0.118483993498890E+03 
_PVbus Central_Machicura/Machicura_U1/LF_MACHI_U1 Central_Machicura/Machicura_U1/s2
3 +0.500000000000000E+02
+0.117396335314512E+05 +0.133841899012707E+02 +0.108952883723515E+04 -0.647018040016919E+00 +0.114309521329882E+05 -0.600181291989408E+01 
+0.117396335314512E+05 -0.106615810098729E+03 +0.108952883723515E+04 -0.120647018040017E+03 +0.114309521329882E+05 -0.126001812919894E+03 
+0.117396335314512E+05 +0.133384189901271E+03 +0.108952883723515E+04 +0.119352981959983E+03 +0.114309521329882E+05 +0.113998187080106E+03 
_PVbus Central_Machicura/Machicura_U2/LF_MACHI_U2 Central_Machicura/Machicura_U2/s1
3 +0.500000000000000E+02
+0.117437689135651E+05 +0.133969441105555E+02 +0.108941551992873E+04 -0.691079864214160E+00 +0.114309521329882E+05 -0.598191124996810E+01 
+0.117437689135651E+05 -0.106603055889444E+03 +0.108941551992873E+04 -0.120691079864214E+03 +0.114309521329882E+05 -0.125981911249968E+03 
+0.117437689135651E+05 +0.133396944110556E+03 +0.108941551992874E+04 +0.119308920135786E+03 +0.114309521329882E+05 +0.114018088750032E+03 
_PVbus Central_Pehuenche/Pehuenche_U1/Pehuenche_U1_lf Central_Pehuenche/Pehuenche_U1/s4
3 +0.500000000000000E+02
+0.123618259067170E+05 +0.174349599384304E+02 +0.746453839614375E+04 -0.701553898688190E+01 +0.112676528168026E+05 -0.411399094802973E+01 
+0.123618259067170E+05 -0.102565040061570E+03 +0.746453839614376E+04 -0.127015538986880E+03 +0.112676528168026E+05 -0.124113990948030E+03 
+0.123618259067170E+05 +0.137434959938430E+03 +0.746453839614397E+04 +0.112984461013119E+03 +0.112676528168026E+05 +0.115886009051970E+03 
_PVbus Central_Pehuenche/Pehuenche_U2/Pehuenche_U2_LF Central_Pehuenche/Pehuenche_U2/s12
3 +0.500000000000000E+02
+0.129153924644817E+05 +0.163310931261259E+02 +0.757654017281128E+04 -0.145290628836746E+02 +0.112676528168026E+05 -0.425125989692339E+01 
+0.129153924644817E+05 -0.103668906873874E+03 +0.757654017281126E+04 -0.134529062883673E+03 +0.112676528168026E+05 -0.124251259896923E+03 
+0.129153924644817E+05 +0.136331093126126E+03 +0.757654017281149E+04 +0.105470937116326E+03 +0.112676528168026E+05 +0.115748740103076E+03 
_PVbus STAT_ENTRERIOS/PVinit/LF STAT_ENTRERIOS/s2
3 +0.500000000000000E+02
+0.488737930676903E+03 -0.691391697987864E+01 +0.348974808922201E+05 -0.969139169798774E+02 +0.488734440928813E+03 -0.691391697987864E+01 
+0.488737930676903E+03 -0.126913916979879E+03 +0.348974808922240E+05 +0.143086083020123E+03 +0.488734440928813E+03 -0.126913916979879E+03 
+0.488737930676903E+03 +0.113086083020121E+03 +0.348974808922224E+05 +0.230860830201177E+02 +0.488734440928813E+03 +0.113086083020121E+03 
_PVbus STATCOM_MAIPO/PVinit/LF STATCOM_MAIPO/s2
3 +0.500000000000000E+02
+0.487326282687372E+03 -0.182358255697336E+02 +0.298360658902180E+04 -0.108235825569732E+03 +0.487325984326713E+03 -0.182358255697336E+02 
+0.487326282687372E+03 -0.138235825569734E+03 +0.298360658902280E+04 +0.131764174430250E+03 +0.487325984326713E+03 -0.138235825569734E+03 
+0.487326282687372E+03 +0.101764174430266E+03 +0.298360658902150E+04 +0.117641744302721E+02 +0.487325984326713E+03 +0.101764174430266E+03 
_PQbus Central_ElPaso/ElPaso_U1/LF_EPASO_U1 Central_ElPaso/ElPaso_U1/s13
3 +0.500000000000000E+02
+0.901483863242775E+04 +0.148468825968518E+01 +0.424383570177462E+03 -0.279065360632964E+02 +0.829610874331759E+04 -0.912850284085075E+01 
+0.901483863242775E+04 -0.118515311740315E+03 +0.424383570177461E+03 -0.147906536063296E+03 +0.829610874331759E+04 -0.129128502840851E+03 
+0.901483863242774E+04 +0.121484688259685E+03 +0.424383570177462E+03 +0.920934639367038E+02 +0.829610874331759E+04 +0.110871497159149E+03 
_PQbus Central_LomaAlta_RioColorado/LomaALta/LF_LomaAlta Central_LomaAlta_RioColorado/LomaALta/s13
3 +0.500000000000000E+02
+0.103779666851531E+05 -0.426682381811462E+01 +0.230616582356205E+03 +0.518628495560984E+02 +0.111548968332048E+05 -0.691874767955520E+01 
+0.103779666851531E+05 -0.124266823818115E+03 +0.230616582356234E+03 -0.681371504438974E+02 +0.111548968332048E+05 -0.126918747679555E+03 
+0.103779666851531E+05 +0.115733176181885E+03 +0.230616582356234E+03 +0.171862849556094E+03 +0.111548968332048E+05 +0.113081252320445E+03 
_PQbus Central_LomaAlta_RioColorado/La_Mina_RColorado/La_Mina_RColorado Central_LomaAlta_RioColorado/La_Mina_RColorado/s13
3 +0.500000000000000E+02
+0.115395269757908E+05 -0.381981052739351E+01 +0.173519281894041E+03 -0.645140202510978E+01 +0.115260965707614E+05 -0.645140202510415E+01 
+0.115395269757908E+05 -0.123819810527394E+03 +0.173519281894041E+03 -0.126451402025099E+03 +0.115260965707614E+05 -0.126451402025104E+03 
+0.115395269757908E+05 +0.116180189472606E+03 +0.173519281894071E+03 +0.113548597974896E+03 +0.115260965707614E+05 +0.113548597974896E+03 
_PQbus Central_SanAndres/SanAndres_U2/LF_SANDRES_U2 Central_SanAndres/SanAndres_U2/s13
3 +0.500000000000000E+02
+0.912509009029237E+04 +0.205090543643017E+01 +0.405569769050610E+03 -0.236999984672659E+02 +0.849214600540756E+04 -0.912578226922714E+01 
+0.912509009029237E+04 -0.117949094563570E+03 +0.405569769050609E+03 -0.143699998467266E+03 +0.849214600540756E+04 -0.129125782269227E+03 
+0.912509009029237E+04 +0.122050905436430E+03 +0.405569769050609E+03 +0.963000015327342E+02 +0.849214600540756E+04 +0.110874217730773E+03 
_PQbus Central_Digua/Digua_U1/LF_DIGUA_U1 Central_Digua/Digua_U1/s13
3 +0.500000000000000E+02
+0.635638930386243E+04 +0.231353845129729E+01 +0.419555000207779E+03 -0.345617514131986E+02 +0.568492611175768E+04 -0.799670023611675E+01 
+0.635638930386243E+04 -0.117686461548703E+03 +0.419555000207774E+03 -0.154561751413192E+03 +0.568492611175771E+04 -0.127996700236117E+03 
+0.635638930386243E+04 +0.122313538451297E+03 +0.419555000207820E+03 +0.854382485868055E+02 +0.568492611175769E+04 +0.112003299763883E+03 
_PQbus PMGD_PFV_Paine154/PQinit/LF PMGD_PFV_Paine154/s9
3 +0.500000000000000E+02
+0.184433724720519E+06 -0.464843763502219E+02 +0.328043172590412E+03 -0.408881705375873E+02 +0.184433724723718E+06 -0.464843763603643E+02 
+0.184433724720519E+06 -0.166484376350222E+03 +0.328043211872148E+03 -0.160888155354156E+03 +0.184433724723718E+06 -0.166484376360364E+03 
+0.184433724720519E+06 +0.735156236497781E+02 +0.328043204097307E+03 +0.791118271232261E+02 +0.184433724723718E+06 +0.735156236396357E+02 
_PQbus PMGD_PFV_Parral154/PQinit/LF PMGD_PFV_Parral154/s9
3 +0.500000000000000E+02
+0.187678877596823E+06 -0.369699439840670E+02 +0.473774613290382E+03 -0.303396245674230E+02 +0.187678877602293E+06 -0.369699439984339E+02 
+0.187678877596823E+06 -0.156969943984067E+03 +0.473774702119188E+03 -0.150339615764024E+03 +0.187678877602293E+06 -0.156969943998434E+03 
+0.187678877596823E+06 +0.830300560159330E+02 +0.473774668026760E+03 +0.896603732824006E+02 +0.187678877602293E+06 +0.830300560015661E+02 
_PQbus PMGD_PFV_PCortes154/PQinit/LF PMGD_PFV_PCortes154/s9
3 +0.500000000000000E+02
+0.184433724724677E+06 -0.464843763480237E+02 +0.959149344195854E+02 -0.464843636157531E+02 +0.184433724724677E+06 -0.464843763510034E+02 
+0.184433724724677E+06 -0.166484376348024E+03 +0.959149445466450E+02 -0.166484384518480E+03 +0.184433724724677E+06 -0.166484376351003E+03 
+0.184433724724677E+06 +0.735156236519763E+02 +0.959149360301783E+02 +0.735156190812240E+02 +0.184433724724677E+06 +0.735156236489966E+02 
_PQbus PMGD_PFV_Rancagua154/PQinit/LF PMGD_PFV_Rancagua154/s9
3 +0.500000000000000E+02
+0.184433724731133E+06 -0.464843762764796E+02 +0.370748131532500E+03 -0.464843754996115E+02 +0.184433724731133E+06 -0.464843762879972E+02 
+0.184433724731133E+06 -0.166484376276480E+03 +0.370748105410678E+03 -0.166484379628228E+03 +0.184433724731133E+06 -0.166484376287997E+03 
+0.184433724731133E+06 +0.735156237235204E+02 +0.370748144061687E+03 +0.735156262638478E+02 +0.184433724731133E+06 +0.735156237120028E+02 
_PQbus PMGD_PFV_Teno154/PQinit/LF PMGD_PFV_Teno154/s9
3 +0.500000000000000E+02
+0.184027248674851E+06 -0.413422278340501E+02 +0.343838155481111E+03 -0.413422333007749E+02 +0.184027248674851E+06 -0.413422278447553E+02 
+0.184027248674851E+06 -0.161342227834050E+03 +0.343838148448904E+03 -0.161342232369372E+03 +0.184027248674851E+06 -0.161342227844755E+03 
+0.184027248674851E+06 +0.786577721659499E+02 +0.343838134105176E+03 +0.786577821358812E+02 +0.184027248674851E+06 +0.786577721552447E+02 
_PQbus PMGD_PFV_Tinguiririca154/PQinit/LF PMGD_PFV_Tinguiririca154/s9
3 +0.500000000000000E+02
+0.184027248645322E+06 -0.413422278299213E+02 +0.216631708183099E+03 -0.302545946284274E+02 +0.184027248649489E+06 -0.413422278365401E+02 
+0.184027248645322E+06 -0.161342227829921E+03 +0.216631717323902E+03 -0.150254592409182E+03 +0.184027248649489E+06 -0.161342227836540E+03 
+0.184027248645322E+06 +0.786577721700787E+02 +0.216631704189581E+03 +0.897454182320032E+02 +0.184027248649489E+06 +0.786577721634599E+02 
_PQbus PMGD_PFV_Charrua066/PQinit/LF PMGD_PFV_Charrua066/s9
3 +0.500000000000000E+02
+0.187678877593523E+06 -0.369699439927272E+02 +0.766038253807104E+03 -0.303396250920303E+02 +0.187678877602368E+06 -0.369699440159569E+02 
+0.187678877593523E+06 -0.156969943992727E+03 +0.766038246055438E+03 -0.150339621690998E+03 +0.187678877602368E+06 -0.156969944015957E+03 
+0.187678877593523E+06 +0.830300560072727E+02 +0.766038252575793E+03 +0.896603796814139E+02 +0.187678877602368E+06 +0.830300559840431E+02 
_PQbus PMGD_PFV_Horcones066/PQinit/LF PMGD_PFV_Horcones066/s9
3 +0.500000000000000E+02
+0.182322213098963E+06 -0.458778949083236E+02 +0.116233296497272E+03 -0.399191011616832E+02 +0.182322213100169E+06 -0.458778949119565E+02 
+0.182322213098963E+06 -0.165877894908324E+03 +0.116233296497259E+03 -0.159919101161691E+03 +0.182322213100169E+06 -0.165877894911957E+03 
+0.182322213098963E+06 +0.741221050916764E+02 +0.116233296497273E+03 +0.800808988383101E+02 +0.182322213100169E+06 +0.741221050880435E+02 
_PQbus PMGD_PFV_Mulchen220/PQinit/LF PMGD_PFV_Mulchen220/s9
3 +0.500000000000000E+02
+0.188486645911393E+06 -0.348047967321240E+02 +0.278757983739109E+03 -0.281744725472273E+02 +0.188486645914611E+06 -0.348047967405410E+02 
+0.188486645911393E+06 -0.154804796732124E+03 +0.278757980510231E+03 -0.148174476473729E+03 +0.188486645914611E+06 -0.154804796740541E+03 
+0.188486645911393E+06 +0.851952032678760E+02 +0.278757982649246E+03 +0.918255237455896E+02 +0.188486645914611E+06 +0.851952032594590E+02 
_PQbus PMGD_PFV_Duqueco220/PQinit/LF PMGD_PFV_Duqueco220/s9
3 +0.500000000000000E+02
+0.186544126025150E+06 -0.381206376890194E+02 +0.992932399499406E+02 -0.381206376920665E+02 +0.186544126025150E+06 -0.381206376920691E+02 
+0.186544126025150E+06 -0.158120637689019E+03 +0.992932399499392E+02 -0.158120637692072E+03 +0.186544126025149E+06 -0.158120637692069E+03 
+0.186544126025149E+06 +0.818793623109806E+02 +0.992932399499346E+02 +0.818793623079315E+02 +0.186544126025149E+06 +0.818793623079309E+02 
_PQbus PMGD_PFV_Temuco066/PQinit/LF PMGD_PFV_Temuco066/s9
3 +0.500000000000000E+02
+0.182746480595334E+06 -0.416293197459171E+02 +0.105421315635254E+03 -0.356705259964071E+02 +0.182746480596429E+06 -0.416293197492045E+02 
+0.182746480595334E+06 -0.161629319745917E+03 +0.105421315627543E+03 -0.155670525999958E+03 +0.182746480596428E+06 -0.161629319749204E+03 
+0.182746480595334E+06 +0.783706802540829E+02 +0.105421315641523E+03 +0.843294739995564E+02 +0.182746480596429E+06 +0.783706802507955E+02 
_PQbus PFV_Gran_Teno_OG/PQinit/LF PFV_Gran_Teno_OG/s9
3 +0.500000000000000E+02
+0.184027248616737E+06 -0.413422277768201E+02 +0.453984718299452E+03 -0.302545906476254E+02 +0.184027248625467E+06 -0.413422277906908E+02 
+0.184027248616737E+06 -0.161342227776820E+03 +0.453984721420460E+03 -0.150254589729419E+03 +0.184027248625467E+06 -0.161342227790691E+03 
+0.184027248616737E+06 +0.786577722231799E+02 +0.453984701822003E+03 +0.897454117089866E+02 +0.184027248625467E+06 +0.786577722093092E+02 
_PQbus PFV_Tamango_OG/PQinit/LF PFV_Tamango_OG/s9
3 +0.500000000000000E+02
+0.187678877609404E+06 -0.369699440359747E+02 +0.167662858122668E+03 -0.310111486625163E+02 +0.187678877611144E+06 -0.369699440410655E+02 
+0.187678877609404E+06 -0.156969944035975E+03 +0.167662865843963E+03 -0.151011143331537E+03 +0.187678877611144E+06 -0.156969944041066E+03 
+0.187678877609404E+06 +0.830300559640254E+02 +0.167662869213689E+03 +0.889888411216618E+02 +0.187678877611144E+06 +0.830300559589345E+02 
_PQbus PMG_Venezia_Solar_OG/PQinit/LF PMG_Venezia_Solar_OG/s9
3 +0.500000000000000E+02
+0.184027248665772E+06 -0.413422278677468E+02 +0.207213025066337E+02 -0.302545811059567E+02 +0.184027248666170E+06 -0.413422278683799E+02 
+0.184027248665772E+06 -0.161342227867747E+03 +0.207212911447913E+02 -0.150254608211519E+03 +0.184027248666170E+06 -0.161342227868380E+03 
+0.184027248665772E+06 +0.786577721322533E+02 +0.207212883139188E+02 +0.897454204163470E+02 +0.184027248666170E+06 +0.786577721316201E+02 
_PQbus PMGD_PFV_Linares154/PQinit/LF PMGD_PFV_Linares154/s9
3 +0.500000000000000E+02
+0.186643303231649E+06 -0.386879485910607E+02 +0.265479436521580E+03 -0.264932347632596E+02 +0.186643303237257E+06 -0.386879485990265E+02 
+0.186643303231649E+06 -0.158687948591061E+03 +0.265479436522044E+03 -0.146493234762906E+03 +0.186643303237257E+06 -0.158687948599027E+03 
+0.186643303231649E+06 +0.813120514089393E+02 +0.265479436521807E+03 +0.935067652368432E+02 +0.186643303237257E+06 +0.813120514009735E+02 
_PQbus PMGD_PFV_Talca066/PQinit/LF PMGD_PFV_Talca066/s9
3 +0.500000000000000E+02
+0.183590031319191E+06 -0.418119376615221E+02 +0.228158735504616E+03 -0.356447396951304E+02 +0.183590031321642E+06 -0.418119376686014E+02 
+0.183590031319191E+06 -0.161811937661522E+03 +0.228158735504614E+03 -0.155644739695129E+03 +0.183590031321642E+06 -0.161811937668601E+03 
+0.183590031319191E+06 +0.781880623384779E+02 +0.228158735504614E+03 +0.843552603048694E+02 +0.183590031321642E+06 +0.781880623313986E+02 
_PQbus PFV_Ortega_Negrete_OG/PQinit/LF PFV_Ortega_Negrete_OG/s9
3 +0.500000000000000E+02
+0.187678877621741E+06 -0.369699440859461E+02 +0.102650661685692E+02 -0.310112516046462E+02 +0.187678877621848E+06 -0.369699440862578E+02 
+0.187678877621741E+06 -0.156969944085946E+03 +0.102650815690298E+02 -0.151011076161960E+03 +0.187678877621848E+06 -0.156969944086258E+03 
+0.187678877621741E+06 +0.830300559140539E+02 +0.102650722513022E+02 +0.889888767585105E+02 +0.187678877621848E+06 +0.830300559137422E+02 
_PQbus PMGD_PFV_SJavier066/PQinit/LF PMGD_PFV_SJavier066/s9
3 +0.500000000000000E+02
+0.185210713284906E+06 -0.448065441605387E+02 +0.882757610328673E+02 -0.448065441632650E+02 +0.185210713284906E+06 -0.448065441632695E+02 
+0.185210713284906E+06 -0.164806544160539E+03 +0.882757610328802E+02 -0.164806544163274E+03 +0.185210713284906E+06 -0.164806544163270E+03 
+0.185210713284906E+06 +0.751934558394613E+02 +0.882757610328778E+02 +0.751934558367304E+02 +0.185210713284906E+06 +0.751934558367305E+02 
_PQbus PMGD_PFV_Chillan154/PQinit/LF PMGD_PFV_Chillan154/s9
3 +0.500000000000000E+02
+0.187678877615548E+06 -0.369699440708266E+02 +0.606062313695555E+03 -0.303396304573509E+02 +0.187678877622546E+06 -0.369699440892051E+02 
+0.187678877615548E+06 -0.156969944070827E+03 +0.606062538128704E+03 -0.150339597486202E+03 +0.187678877622546E+06 -0.156969944089205E+03 
+0.187678877615548E+06 +0.830300559291734E+02 +0.606062321596223E+03 +0.896603606221844E+02 +0.187678877622546E+06 +0.830300559107948E+02 
_PQbus PMGD_PFV_Itahue154/PQinit/LF PMGD_PFV_Itahue154/s9
3 +0.500000000000000E+02
+0.184864331818858E+06 -0.426452002148199E+02 +0.167841481111565E+03 -0.364780022465216E+02 +0.184864331820662E+06 -0.426452002199918E+02 
+0.184864331818858E+06 -0.162645200214820E+03 +0.167841481111572E+03 -0.156478002246521E+03 +0.184864331820662E+06 -0.162645200219992E+03 
+0.184864331818858E+06 +0.773547997851801E+02 +0.167841481111569E+03 +0.835219977534813E+02 +0.184864331820662E+06 +0.773547997800082E+02 
_PQbus PMGD_PFV_Malloa154/PQinit/LF PMGD_PFV_Malloa154/s9
3 +0.500000000000000E+02
+0.184027248669420E+06 -0.413422278720556E+02 +0.204318968151472E+03 -0.357460241096998E+02 +0.184027248671413E+06 -0.413422278783867E+02 
+0.184027248669420E+06 -0.161342227872056E+03 +0.204318944081127E+03 -0.155745991508043E+03 +0.184027248671413E+06 -0.161342227878387E+03 
+0.184027248669420E+06 +0.786577721279444E+02 +0.204318950919404E+03 +0.842539622951609E+02 +0.184027248671413E+06 +0.786577721216133E+02 
_PQbus PE_Lomas_de_Duqueco/PQinit/LF PE_Lomas_de_Duqueco/s9
3 +0.500000000000000E+02
+0.524064081424466E+05 -0.362729099514534E+02 +0.429806595124506E+03 -0.359336807783972E+02 +0.524064081427011E+05 -0.362729099984432E+02 
+0.524064081424466E+05 -0.156272909951453E+03 +0.429806595124295E+03 -0.155933680778290E+03 +0.524064081427011E+05 -0.156272909998443E+03 
+0.524064081424466E+05 +0.837270900485467E+02 +0.429806595124739E+03 +0.840663192217682E+02 +0.524064081427010E+05 +0.837270900015568E+02 
_PQbus PE_Los_Olmos/PQinit/LF PE_Los_Olmos/s9
3 +0.500000000000000E+02
+0.189003268918922E+06 -0.337183205576765E+02 +0.213214066141313E+03 -0.228067450414495E+02 +0.189003268922958E+06 -0.337183205640232E+02 
+0.189003268918922E+06 -0.153718320557676E+03 +0.213214066141317E+03 -0.142806745041448E+03 +0.189003268922958E+06 -0.153718320564023E+03 
+0.189003268918922E+06 +0.862816794423235E+02 +0.213214066141320E+03 +0.971932549585551E+02 +0.189003268922958E+06 +0.862816794359768E+02 
_PQbus PE_MallecoSur/PQinit/LF PE_MallecoSur/s9
3 +0.500000000000000E+02
+0.186830682742439E+06 -0.361816957713317E+02 +0.272090175858503E+03 -0.221120156166503E+02 +0.186830682749054E+06 -0.361816957794256E+02 
+0.186830682742439E+06 -0.156181695771332E+03 +0.272090175861891E+03 -0.142112015619796E+03 +0.186830682749054E+06 -0.156181695779426E+03 
+0.186830682742439E+06 +0.838183042286684E+02 +0.272090175857981E+03 +0.978879843792718E+02 +0.186830682749054E+06 +0.838183042205744E+02 
_PQbus PE_SanGabriel/PQinit/LF PE_SanGabriel/s9
3 +0.500000000000000E+02
+0.189776257346585E+06 -0.334581887164223E+02 +0.399577516885499E+03 -0.332087970990991E+02 +0.189776257346759E+06 -0.334581887284859E+02 
+0.189776257346585E+06 -0.153458188716422E+03 +0.399577516885501E+03 -0.153208797099099E+03 +0.189776257346758E+06 -0.153458188728486E+03 
+0.189776257346585E+06 +0.865418112835777E+02 +0.399577516885503E+03 +0.867912029009008E+02 +0.189776257346759E+06 +0.865418112715141E+02 
_PQbus PE_MallecoNorte/PQinit/LF PE_MallecoNorte/s9
3 +0.500000000000000E+02
+0.186947659432672E+06 -0.358864894107636E+02 +0.271653936248239E+03 -0.301114573639649E+02 +0.186947659435406E+06 -0.358864894190470E+02 
+0.186947659432672E+06 -0.155886489410764E+03 +0.271653936248277E+03 -0.150111457363969E+03 +0.186947659435405E+06 -0.155886489419047E+03 
+0.186947659432672E+06 +0.841135105892364E+02 +0.271653936248238E+03 +0.898885426360272E+02 +0.186947659435406E+06 +0.841135105809530E+02 
_PQbus PE_Aurora/PQinit/LF PE_Aurora/s9
3 +0.500000000000000E+02
+0.176905861692713E+06 -0.524699787465410E+02 +0.439495320395996E+03 -0.463372582608795E+02 +0.176905861697408E+06 -0.524699787606937E+02 
+0.176905861692713E+06 -0.172469978746541E+03 +0.439495320605113E+03 -0.166337258247683E+03 +0.176905861697408E+06 -0.172469978760694E+03 
+0.176905861692713E+06 +0.675300212534591E+02 +0.439495320499332E+03 +0.736627417034966E+02 +0.176905861697408E+06 +0.675300212393063E+02 
_PQbus PE_Renaico_I/PQinit/LF PE_Renaico_I/s9
3 +0.500000000000000E+02
+0.188527149330548E+06 -0.339943278958649E+02 +0.333329215693226E+03 -0.260247175115762E+02 +0.188527149335170E+06 -0.339943279058974E+02 
+0.188527149330548E+06 -0.153994327895865E+03 +0.333329215693229E+03 -0.146024717511575E+03 +0.188527149335170E+06 -0.153994327905897E+03 
+0.188527149330548E+06 +0.860056721041351E+02 +0.333329215693234E+03 +0.939752824884236E+02 +0.188527149335170E+06 +0.860056720941026E+02 
_PQbus PE_Tolpan_Sur/PQinit/LF PE_Tolpan_Sur/s9
3 +0.500000000000000E+02
+0.189087047206308E+06 -0.335805631139751E+02 +0.161795398697714E+03 -0.278055310637749E+02 +0.189087047207936E+06 -0.335805631188528E+02 
+0.189087047206308E+06 -0.153580563113975E+03 +0.161795398697712E+03 -0.147805531063773E+03 +0.189087047207936E+06 -0.153580563118853E+03 
+0.189087047206308E+06 +0.864194368860249E+02 +0.161795398697718E+03 +0.921944689362240E+02 +0.189087047207936E+06 +0.864194368811472E+02 
_PQbus PE_San_Matias_Etapa1_OG/PQinit/LF PE_San_Matias_Etapa1_OG/s9
3 +0.500000000000000E+02
+0.188486645919319E+06 -0.348047966908101E+02 +0.156933965611391E+03 -0.348047997666628E+02 +0.188486645919319E+06 -0.348047966955805E+02 
+0.188486645919319E+06 -0.154804796690810E+03 +0.156933978279259E+03 -0.154804791789777E+03 +0.188486645919319E+06 -0.154804796695581E+03 
+0.188486645919319E+06 +0.851952033091899E+02 +0.156933971901224E+03 +0.851952014696979E+02 +0.188486645919319E+06 +0.851952033044195E+02 
_PQbus BESS_La_Cabana/PQinit/LF BESS_La_Cabana/s2
3 +0.500000000000000E+02
+0.492736473562879E+03 -0.401178607525386E+01 +0.261765345687760E+05 +0.175988518307500E+03 +0.492736473555926E+03 -0.401148169247857E+01 
+0.492736473562879E+03 -0.124011786075254E+03 +0.261765345687763E+05 +0.559885183075289E+02 +0.492736473555926E+03 -0.124011481692479E+03 
+0.492736473562879E+03 +0.115988213924746E+03 +0.261765345687748E+05 -0.640114816924642E+02 +0.492736473555926E+03 +0.115988518307521E+03 
_PQbus BESS_La_Cabana_Amp/PQinit/LF BESS_La_Cabana_Amp/s2
3 +0.500000000000000E+02
+0.492736473563320E+03 -0.401179558721461E+01 +0.269945512740438E+05 +0.175988518307526E+03 +0.492736473555926E+03 -0.401148169247760E+01 
+0.492736473563320E+03 -0.124011795587215E+03 +0.269945512740596E+05 +0.559885183075186E+02 +0.492736473555926E+03 -0.124011481692478E+03 
+0.492736473563320E+03 +0.115988204412785E+03 +0.269945512740464E+05 -0.640114816924774E+02 +0.492736473555926E+03 +0.115988518307522E+03 
_PQbus LF1 MAIPO220_NORTEG
3 +0.500000000000000E+02
+0.186307068727948E+06 -0.482619070754586E+02 +0.321121243165179E+03 +0.104794823953072E+03 +0.186352224824978E+06 -0.482347706299732E+02 
+0.186307068727948E+06 -0.168261907075459E+03 +0.321121243165248E+03 -0.152051760469195E+02 +0.186352224824978E+06 -0.168234770629973E+03 
+0.186307068727948E+06 +0.717380929245414E+02 +0.321121243165197E+03 -0.135205176046928E+03 +0.186352224824978E+06 +0.717652293700268E+02 
_PQbus LF2 s756
3 +0.500000000000000E+02
+0.418461450802871E+06 -0.361539528811161E+02 +0.649386565604979E+03 -0.531983618022584E+01 +0.418563812133686E+06 -0.361775502357696E+02 
+0.418461450802871E+06 -0.156153952881116E+03 +0.649386565605000E+03 -0.125319836180227E+03 +0.418563812133686E+06 -0.156177550235770E+03 
+0.418461450802871E+06 +0.838460471188839E+02 +0.649386565604978E+03 +0.114680163819772E+03 +0.418563812133686E+06 +0.838224497642305E+02 
_PQload ATR_LASTARR_220/Load_a LASTARRIA220a
1 +0.500000000000000E+02
+0.000000000000000E+00 +0.000000000000000E+00 +0.992001973154303E+02 -0.448402034061243E+02 +0.180180839926976E+06 -0.471060437086757E+02 
_PQload ATR_LASTARR_220/Load_b LASTARRIA220b
1 +0.500000000000000E+02
+0.000000000000000E+00 +0.000000000000000E+00 +0.992001973154246E+02 -0.164840203406164E+03 +0.180180839926986E+06 -0.167106043708715E+03 
_PQload ATR_LASTARR_220/Load_c LASTARRIA220c
1 +0.500000000000000E+02
+0.000000000000000E+00 +0.000000000000000E+00 +0.992001973155038E+02 +0.751597965938416E+02 +0.180180839926842E+06 +0.728939562912902E+02 
_PQload ATR_METR_220_1/Load_a METRENCO220a
1 +0.500000000000000E+02
+0.000000000000000E+00 +0.000000000000000E+00 +0.176836402989122E+03 -0.381208492690883E+02 +0.182271531325906E+06 -0.427595050870769E+02 
_PQload ATR_METR_220_1/Load_b METRENCO220b
1 +0.500000000000000E+02
+0.000000000000000E+00 +0.000000000000000E+00 +0.176836402989130E+03 -0.158120849269093E+03 +0.182271531325898E+06 -0.162759505087082E+03 
_PQload ATR_METR_220_1/Load_c METRENCO220c
1 +0.500000000000000E+02
+0.000000000000000E+00 +0.000000000000000E+00 +0.176836402989156E+03 +0.818791507309045E+02 +0.182271531325871E+06 +0.772404949129158E+02 
_PQload ATR_PICHIRRO/Load_a PICHIRRO220a
1 +0.500000000000000E+02
+0.000000000000000E+00 +0.000000000000000E+00 +0.168693165479474E+03 -0.619109737255365E+02 +0.177268119509742E+06 -0.513776308427058E+02 
_PQload ATR_PICHIRRO/Load_b PICHIRRO220b
1 +0.500000000000000E+02
+0.000000000000000E+00 +0.000000000000000E+00 +0.168693165479428E+03 +0.178089026274381E+03 +0.177268119509791E+06 -0.171377630842788E+03 
_PQload ATR_PICHIRRO/Load_c PICHIRRO220c
1 +0.500000000000000E+02
+0.000000000000000E+00 +0.000000000000000E+00 +0.168693165479696E+03 +0.580890262743940E+02 +0.177268119509509E+06 +0.686223691572247E+02 
_PQload ATR_VALDIV_220/Load_a VALDIVIA220a
1 +0.500000000000000E+02
+0.000000000000000E+00 +0.000000000000000E+00 +0.149994426313029E+03 -0.611404506707185E+02 +0.177750940597486E+06 -0.504627102041361E+02 
_PQload ATR_VALDIV_220/Load_b VALDIVIA220b
1 +0.500000000000000E+02
+0.000000000000000E+00 +0.000000000000000E+00 +0.149994426313003E+03 +0.178859549329214E+03 +0.177750940597516E+06 -0.170462710204204E+03 
_PQload ATR_VALDIV_220/Load_c VALDIVIA220c
1 +0.500000000000000E+02
+0.000000000000000E+00 +0.000000000000000E+00 +0.149994426313207E+03 +0.588595493292226E+02 +0.177750940597274E+06 +0.695372897958049E+02 
_PQload L_LLANQUI/Load_a TLLANQUIHUE220a
1 +0.500000000000000E+02
+0.000000000000000E+00 +0.000000000000000E+00 +0.124455881021078E+03 -0.667097903777945E+02 +0.176431519822249E+06 -0.530110737826667E+02 
_PQload L_LLANQUI/Load_b TLLANQUIHUE220b
1 +0.500000000000000E+02
+0.000000000000000E+00 +0.000000000000000E+00 +0.124455881020845E+03 +0.173290209621939E+03 +0.176431519822579E+06 -0.173011073782933E+03 
_PQload L_LLANQUI/Load_c TLLANQUIHUE220c
1 +0.500000000000000E+02
+0.000000000000000E+00 +0.000000000000000E+00 +0.124455881021489E+03 +0.532902096219734E+02 +0.176431519821666E+06 +0.669889262171012E+02 
_PQload L_PTOMONTT/Load_a PMONTT220a
1 +0.500000000000000E+02
+0.000000000000000E+00 +0.000000000000000E+00 +0.909762636566844E+02 -0.543090435581897E+02 +0.175894474280786E+06 -0.533542023043127E+02 
_PQload L_PTOMONTT/Load_b PMONTT220b
1 +0.500000000000000E+02
+0.000000000000000E+00 +0.000000000000000E+00 +0.909762636565779E+02 -0.174309043558480E+03 +0.175894474280992E+06 -0.173354202304603E+03 
_PQload L_PTOMONTT/Load_c PMONTT220c
1 +0.500000000000000E+02
+0.000000000000000E+00 +0.000000000000000E+00 +0.909762636578624E+02 +0.656909564413607E+02 +0.175894474278508E+06 +0.666457976952377E+02 
_PQload Load2/Load_a GAMBOA220a
1 +0.500000000000000E+02
+0.000000000000000E+00 +0.000000000000000E+00 +0.125401977299568E+03 -0.647177718215289E+02 +0.177010265437509E+06 -0.546160901082621E+02 
_PQload Load2/Load_b GAMBOA220b
1 +0.500000000000000E+02
+0.000000000000000E+00 +0.000000000000000E+00 +0.125401977299373E+03 +0.175282228178246E+03 +0.177010265437785E+06 -0.174616090108487E+03 
_PQload Load2/Load_c GAMBOA220c
1 +0.500000000000000E+02
+0.000000000000000E+00 +0.000000000000000E+00 +0.125401977300028E+03 +0.552822281782382E+02 +0.177010265436860E+06 +0.653839098915050E+02 
_PQload MELI_220_66/Load_a PMONTT220a
1 +0.500000000000000E+02
+0.000000000000000E+00 +0.000000000000000E+00 +0.151151023921327E+03 -0.710167726584041E+02 +0.175894474280786E+06 -0.533542023043127E+02 
_PQload MELI_220_66/Load_b PMONTT220b
1 +0.500000000000000E+02
+0.000000000000000E+00 +0.000000000000000E+00 +0.151151023921150E+03 +0.168983227341306E+03 +0.175894474280992E+06 -0.173354202304603E+03 
_PQload MELI_220_66/Load_c PMONTT220c
1 +0.500000000000000E+02
+0.000000000000000E+00 +0.000000000000000E+00 +0.151151023923284E+03 +0.489832273411463E+02 +0.175894474278508E+06 +0.666457976952377E+02 
_PQload PICOLTUE_220/Load_a MULCHEN220a
1 +0.500000000000000E+02
+0.000000000000000E+00 +0.000000000000000E+00 +0.410152057144989E+02 -0.898127765420633E+02 +0.188486645914611E+06 -0.348047967405410E+02 
_PQload PICOLTUE_220/Load_b MULCHEN220b
1 +0.500000000000000E+02
+0.000000000000000E+00 +0.000000000000000E+00 +0.410152057144989E+02 +0.150187223457937E+03 +0.188486645914611E+06 -0.154804796740541E+03 
_PQload PICOLTUE_220/Load_c MULCHEN220c
1 +0.500000000000000E+02
+0.000000000000000E+00 +0.000000000000000E+00 +0.410152057144989E+02 +0.301872234579367E+02 +0.188486645914611E+06 +0.851952032594590E+02 
_PQload PILAUCO_220/Load_a RAHUE220a
1 +0.500000000000000E+02
+0.000000000000000E+00 +0.000000000000000E+00 +0.215405486568448E+03 -0.557135551831387E+02 +0.177342928957526E+06 -0.523118644896053E+02 
_PQload PILAUCO_220/Load_b RAHUE220b
1 +0.500000000000000E+02
+0.000000000000000E+00 +0.000000000000000E+00 +0.215405486568384E+03 -0.175713555183214E+03 +0.177342928957579E+06 -0.172311864489681E+03 
_PQload PILAUCO_220/Load_c RAHUE220c
1 +0.500000000000000E+02
+0.000000000000000E+00 +0.000000000000000E+00 +0.215405486568693E+03 +0.642864448167948E+02 +0.177342928957325E+06 +0.676881355103282E+02 
_PQload TR_CHILOE_110/Load_a CHILOE110a
1 +0.500000000000000E+02
+0.000000000000000E+00 +0.000000000000000E+00 +0.259160641174979E+03 -0.615798389526837E+02 +0.882116457088050E+05 -0.565608850065106E+02 
_PQload TR_CHILOE_110/Load_b CHILOE110b
1 +0.500000000000000E+02
+0.000000000000000E+00 +0.000000000000000E+00 +0.259160641174521E+03 +0.178420161047086E+03 +0.882116457089610E+05 -0.176560885006741E+03 
_PQload TR_CHILOE_110/Load_c CHILOE110c
1 +0.500000000000000E+02
+0.000000000000000E+00 +0.000000000000000E+00 +0.259160641175859E+03 +0.584201610470738E+02 +0.882116457085058E+05 +0.634391149932469E+02 
_PQload TR_DUQUE_N1/Load_a DUQUECO66a
1 +0.500000000000000E+02
+0.000000000000000E+00 +0.000000000000000E+00 +0.205702473015789E+03 -0.382649543024783E+02 +0.524048149802050E+05 -0.362802511899682E+02 
_PQload TR_DUQUE_N1/Load_b DUQUECO66b
1 +0.500000000000000E+02
+0.000000000000000E+00 +0.000000000000000E+00 +0.205702473015789E+03 -0.158264954302478E+03 +0.524048149802051E+05 -0.156280251189968E+03 
_PQload TR_DUQUE_N1/Load_c DUQUECO66c
1 +0.500000000000000E+02
+0.000000000000000E+00 +0.000000000000000E+00 +0.205702473015789E+03 +0.817350456975217E+02 +0.524048149802051E+05 +0.837197488100318E+02 
_PQload TR_LPEU_N1/Load_a LPEUMOS220a
1 +0.500000000000000E+02
+0.000000000000000E+00 +0.000000000000000E+00 +0.128193665998311E+03 -0.641005219869923E+02 +0.183695329285775E+06 -0.407507106659499E+02 
_PQload TR_LPEU_N1/Load_b LPEUMOS220b
1 +0.500000000000000E+02
+0.000000000000000E+00 +0.000000000000000E+00 +0.128193665998311E+03 +0.175899478013008E+03 +0.183695329285775E+06 -0.160750710665950E+03 
_PQload TR_LPEU_N1/Load_c LPEUMOS220c
1 +0.500000000000000E+02
+0.000000000000000E+00 +0.000000000000000E+00 +0.128193665998311E+03 +0.558994780130077E+02 +0.183695329285775E+06 +0.792492893340501E+02 
_PQload TR_MARIQUINA/Load_a CIRUELOS220a
1 +0.500000000000000E+02
+0.000000000000000E+00 +0.000000000000000E+00 +0.587438998095180E+02 -0.614824716515346E+02 +0.178317486674954E+06 -0.493214973190627E+02 
_PQload TR_MARIQUINA/Load_b CIRUELOS220b
1 +0.500000000000000E+02
+0.000000000000000E+00 +0.000000000000000E+00 +0.587438998095113E+02 +0.178517528348406E+03 +0.178317486674975E+06 -0.169321497319122E+03 
_PQload TR_MARIQUINA/Load_c CIRUELOS220c
1 +0.500000000000000E+02
+0.000000000000000E+00 +0.000000000000000E+00 +0.587438998095806E+02 +0.585175283484158E+02 +0.178317486674764E+06 +0.706785026808877E+02 
_PQload TR_MELIPULLI110/Load_a MELIPU220a
1 +0.500000000000000E+02
+0.000000000000000E+00 +0.000000000000000E+00 +0.237111182894563E+03 -0.595022392434005E+02 +0.175894449225896E+06 -0.533542126746992E+02 
_PQload TR_MELIPULLI110/Load_b MELIPU220b
1 +0.500000000000000E+02
+0.000000000000000E+00 +0.000000000000000E+00 +0.237111182894285E+03 -0.179502239243691E+03 +0.175894449226102E+06 -0.173354212674989E+03 
_PQload TR_MELIPULLI110/Load_c MELIPU220c
1 +0.500000000000000E+02
+0.000000000000000E+00 +0.000000000000000E+00 +0.237111182897633E+03 +0.604977607561498E+02 +0.175894449223618E+06 +0.666457873248512E+02 
_PQload TR_NVA_VALD/Load_a NVA_VALD220a
1 +0.500000000000000E+02
+0.000000000000000E+00 +0.000000000000000E+00 +0.682106479532155E+02 -0.735334187644521E+02 +0.177519531858923E+06 -0.508650227595237E+02 
_PQload TR_NVA_VALD/Load_b NVA_VALD220b
1 +0.500000000000000E+02
+0.000000000000000E+00 +0.000000000000000E+00 +0.682106479532016E+02 +0.166466581235475E+03 +0.177519531858959E+06 -0.170865022759597E+03 
_PQload TR_NVA_VALD/Load_c NVA_VALD220c
1 +0.500000000000000E+02
+0.000000000000000E+00 +0.000000000000000E+00 +0.682106479533005E+02 +0.464665812354848E+02 +0.177519531858702E+06 +0.691349772404132E+02 
_PQload TR_PARGUA_220/Load_a PARGUA220a
1 +0.500000000000000E+02
+0.000000000000000E+00 +0.000000000000000E+00 +0.671182474929576E+02 -0.857338655148622E+02 +0.176671208576025E+06 -0.538309180370511E+02 
_PQload TR_PARGUA_220/Load_b PARGUA220b
1 +0.500000000000000E+02
+0.000000000000000E+00 +0.000000000000000E+00 +0.671182474928631E+02 +0.154266134484907E+03 +0.176671208576274E+06 -0.173830918037282E+03 
_PQload TR_PARGUA_220/Load_c PARGUA220c
1 +0.500000000000000E+02
+0.000000000000000E+00 +0.000000000000000E+00 +0.671182474934086E+02 +0.342661344848449E+02 +0.176671208574838E+06 +0.661690819626561E+02 
_PQload TR_TEMUCO66/Load_a TEMUCO220a
1 +0.500000000000000E+02
+0.000000000000000E+00 +0.000000000000000E+00 +0.348737967849638E+03 -0.590123054816749E+02 +0.182746480596429E+06 -0.416293197492045E+02 
_PQload TR_TEMUCO66/Load_b TEMUCO220b
1 +0.500000000000000E+02
+0.000000000000000E+00 +0.000000000000000E+00 +0.348737967849638E+03 -0.179012305481675E+03 +0.182746480596428E+06 -0.161629319749204E+03 
_PQload TR_TEMUCO66/Load_c TEMUCO220c
1 +0.500000000000000E+02
+0.000000000000000E+00 +0.000000000000000E+00 +0.348737967849638E+03 +0.609876945183251E+02 +0.182746480596429E+06 +0.783706802507955E+02 
_PQload TR_VARONES/Load_a LVARONES220a
1 +0.500000000000000E+02
+0.000000000000000E+00 +0.000000000000000E+00 +0.134926559523378E+03 -0.483966337583345E+02 +0.186654880345274E+06 -0.380266723110551E+02 
_PQload TR_VARONES/Load_b LVARONES220b
1 +0.500000000000000E+02
+0.000000000000000E+00 +0.000000000000000E+00 +0.134926559523378E+03 -0.168396633758335E+03 +0.186654880345274E+06 -0.158026672311055E+03 
_PQload TR_VARONES/Load_c LVARONES220c
1 +0.500000000000000E+02
+0.000000000000000E+00 +0.000000000000000E+00 +0.134926559523378E+03 +0.716033662416655E+02 +0.186654880345274E+06 +0.819733276889449E+02 
_PQload l_CUNCO110/Load_a CUNCO110a
1 +0.500000000000000E+02
+0.000000000000000E+00 +0.000000000000000E+00 +0.202710094170182E+02 +0.459327913927990E+02 +0.920855310359073E+05 -0.440672086072010E+02 
_PQload l_CUNCO110/Load_b CUNCO110b
1 +0.500000000000000E+02
+0.000000000000000E+00 +0.000000000000000E+00 +0.202710094170199E+02 -0.740672086072131E+02 +0.920855310358999E+05 -0.164067208607213E+03 
_PQload l_CUNCO110/Load_c CUNCO110c
1 +0.500000000000000E+02
+0.000000000000000E+00 +0.000000000000000E+00 +0.202710094170265E+02 +0.165932791392783E+03 +0.920855310358696E+05 +0.759327913927830E+02 
_PQload CHARRUA_154/Load_a CHARRUA220a
1 +0.500000000000000E+02
+0.000000000000000E+00 +0.000000000000000E+00 +0.900050840316931E+03 -0.512384883829233E+02 +0.187678877622546E+06 -0.369699440892051E+02 
_PQload CHARRUA_154/Load_b CHARRUA220b
1 +0.500000000000000E+02
+0.000000000000000E+00 +0.000000000000000E+00 +0.900050840316931E+03 -0.171238488382923E+03 +0.187678877622546E+06 -0.156969944089205E+03 
_PQload CHARRUA_154/Load_c CHARRUA220c
1 +0.500000000000000E+02
+0.000000000000000E+00 +0.000000000000000E+00 +0.900050840316931E+03 +0.687615116170767E+02 +0.187678877622546E+06 +0.830300559107948E+02 
_PQload CLAJA_220/Load_a MDOLO220a
1 +0.500000000000000E+02
+0.000000000000000E+00 +0.000000000000000E+00 +0.669730223451503E+02 -0.134461898096785E+02 +0.185525942817452E+06 -0.390695449603625E+02 
_PQload CLAJA_220/Load_b MDOLO220b
1 +0.500000000000000E+02
+0.000000000000000E+00 +0.000000000000000E+00 +0.669730223451461E+02 -0.133446189809677E+03 +0.185525942817463E+06 -0.159069544960361E+03 
_PQload CLAJA_220/Load_c MDOLO220c
1 +0.500000000000000E+02
+0.000000000000000E+00 +0.000000000000000E+00 +0.669730223451489E+02 +0.106553810190323E+03 +0.185525942817456E+06 +0.809304550396387E+02 
_PQload CONCEPCION_220/Load_a CONCEPCION220a
1 +0.500000000000000E+02
+0.000000000000000E+00 +0.000000000000000E+00 +0.772838730135581E+03 -0.530659827998948E+02 +0.178068900301730E+06 -0.431916068601453E+02 
_PQload CONCEPCION_220/Load_b CONCEPCION220b
1 +0.500000000000000E+02
+0.000000000000000E+00 +0.000000000000000E+00 +0.772838730135581E+03 -0.173065982799895E+03 +0.178068900301730E+06 -0.163191606860145E+03 
_PQload CONCEPCION_220/Load_c CONCEPCION220c
1 +0.500000000000000E+02
+0.000000000000000E+00 +0.000000000000000E+00 +0.772838730135581E+03 +0.669340172001052E+02 +0.178068900301730E+06 +0.768083931398547E+02 
_PQload FCR_154/Load_a LAGUNILLAS220a
1 +0.500000000000000E+02
+0.000000000000000E+00 +0.000000000000000E+00 +0.550367445069763E+03 -0.636010973511296E+02 +0.182322213100169E+06 -0.458778949119565E+02 
_PQload FCR_154/Load_b LAGUNILLAS220b
1 +0.500000000000000E+02
+0.000000000000000E+00 +0.000000000000000E+00 +0.550367445069763E+03 +0.176398902648870E+03 +0.182322213100169E+06 -0.165877894911957E+03 
_PQload FCR_154/Load_c LAGUNILLAS220c
1 +0.500000000000000E+02
+0.000000000000000E+00 +0.000000000000000E+00 +0.550367445069763E+03 +0.563989026488704E+02 +0.182322213100169E+06 +0.741221050880435E+02 
_PQload INFOR_220/Load_a INFORSA220a
1 +0.500000000000000E+02
+0.000000000000000E+00 +0.000000000000000E+00 +0.104247360304265E+03 -0.551623295969897E+02 +0.183034249054330E+06 -0.409850543227629E+02 
_PQload INFOR_220/Load_b INFORSA220b
1 +0.500000000000000E+02
+0.000000000000000E+00 +0.000000000000000E+00 +0.104247360304252E+03 -0.175162329596986E+03 +0.183034249054353E+06 -0.160985054322759E+03 
_PQload INFOR_220/Load_c INFORSA220c
1 +0.500000000000000E+02
+0.000000000000000E+00 +0.000000000000000E+00 +0.104247360304261E+03 +0.648376704030128E+02 +0.183034249054338E+06 +0.790149456772396E+02 
_PQload L_CMPC110/Load_a MAIPO220_SURa
1 +0.500000000000000E+02
+0.000000000000000E+00 +0.000000000000000E+00 +0.111845679606241E+03 -0.645829421776761E+02 +0.186352224824978E+06 -0.482347706299732E+02 
_PQload L_CMPC110/Load_b MAIPO220_SURb
1 +0.500000000000000E+02
+0.000000000000000E+00 +0.000000000000000E+00 +0.111845679606241E+03 +0.175417057822324E+03 +0.186352224824978E+06 -0.168234770629973E+03 
_PQload L_CMPC110/Load_c MAIPO220_SURc
1 +0.500000000000000E+02
+0.000000000000000E+00 +0.000000000000000E+00 +0.111845679606241E+03 +0.554170578223239E+02 +0.186352224824978E+06 +0.717652293700268E+02 
_PQload L_MAMPIL220/Load_a MAMPIL220a
1 +0.500000000000000E+02
+0.000000000000000E+00 +0.000000000000000E+00 +0.104069873645307E+02 -0.402032376309257E+02 +0.189072061768244E+06 -0.367068379755980E+02 
_PQload L_MAMPIL220/Load_b MAMPIL220b
1 +0.500000000000000E+02
+0.000000000000000E+00 +0.000000000000000E+00 +0.104069873645307E+02 -0.160203237630926E+03 +0.189072061768245E+06 -0.156706837975598E+03 
_PQload L_MAMPIL220/Load_c MAMPIL220c
1 +0.500000000000000E+02
+0.000000000000000E+00 +0.000000000000000E+00 +0.104069873645307E+02 +0.797967623690744E+02 +0.189072061768245E+06 +0.832931620244021E+02 
_PQload L_RUCUE220/Load_a RUCUE220a
1 +0.500000000000000E+02
+0.000000000000000E+00 +0.000000000000000E+00 +0.728617173393029E+01 -0.443713240712597E+02 +0.188573050560133E+06 -0.368435551099918E+02 
_PQload L_RUCUE220/Load_b RUCUE220b
1 +0.500000000000000E+02
+0.000000000000000E+00 +0.000000000000000E+00 +0.728617173393028E+01 -0.164371324071260E+03 +0.188573050560133E+06 -0.156843555109992E+03 
_PQload L_RUCUE220/Load_c RUCUE220c
1 +0.500000000000000E+02
+0.000000000000000E+00 +0.000000000000000E+00 +0.728617173393029E+01 +0.756286759287404E+02 +0.188573050560133E+06 +0.831564448900083E+02 
_PQload MAULE_220/Load_a SE_MAULE220a
1 +0.500000000000000E+02
+0.000000000000000E+00 +0.000000000000000E+00 +0.717204479062286E+03 -0.487914510037168E+02 +0.183590031321642E+06 -0.418119376686014E+02 
_PQload MAULE_220/Load_b SE_MAULE220b
1 +0.500000000000000E+02
+0.000000000000000E+00 +0.000000000000000E+00 +0.717204479062286E+03 -0.168791451003717E+03 +0.183590031321642E+06 -0.161811937668601E+03 
_PQload MAULE_220/Load_c SE_MAULE220c
1 +0.500000000000000E+02
+0.000000000000000E+00 +0.000000000000000E+00 +0.717204479062286E+03 +0.712085489962832E+02 +0.183590031321642E+06 +0.781880623313986E+02 
_PQload MINERO_220/Load_a MINERO220a
1 +0.500000000000000E+02
+0.000000000000000E+00 +0.000000000000000E+00 +0.131201715039813E+04 -0.548434062272021E+02 +0.183047612592017E+06 -0.485323575708109E+02 
_PQload MINERO_220/Load_b MINERO220b
1 +0.500000000000000E+02
+0.000000000000000E+00 +0.000000000000000E+00 +0.131201715039813E+04 -0.174843406227202E+03 +0.183047612592017E+06 -0.168532357570810E+03 
_PQload MINERO_220/Load_c MINERO220c
1 +0.500000000000000E+02
+0.000000000000000E+00 +0.000000000000000E+00 +0.131201715039813E+04 +0.651565937727980E+02 +0.183047612592016E+06 +0.714676424291892E+02 
_PQload TINGUIRI_220/Load_a PNEGRO220a
1 +0.500000000000000E+02
+0.000000000000000E+00 +0.000000000000000E+00 +0.156117624332970E+04 -0.520161501557075E+02 +0.184027248671413E+06 -0.413422278783867E+02 
_PQload TINGUIRI_220/Load_b PNEGRO220b
1 +0.500000000000000E+02
+0.000000000000000E+00 +0.000000000000000E+00 +0.156117624332970E+04 -0.172016150155708E+03 +0.184027248671413E+06 -0.161342227878387E+03 
_PQload TINGUIRI_220/Load_c PNEGRO220c
1 +0.500000000000000E+02
+0.000000000000000E+00 +0.000000000000000E+00 +0.156117624332970E+04 +0.679838498442925E+02 +0.184027248671413E+06 +0.786577721216133E+02 
_PQload TR_COLBUN_N1/Load_a COLBUN220a
1 +0.500000000000000E+02
+0.000000000000000E+00 +0.000000000000000E+00 +0.752055382480869E+03 -0.477966520340179E+02 +0.186636394469684E+06 -0.387018372676027E+02 
_PQload TR_COLBUN_N1/Load_b COLBUN220b
1 +0.500000000000000E+02
+0.000000000000000E+00 +0.000000000000000E+00 +0.752055382480869E+03 -0.167796652034018E+03 +0.186636394469684E+06 -0.158701837267603E+03 
_PQload TR_COLBUN_N1/Load_c COLBUN220c
1 +0.500000000000000E+02
+0.000000000000000E+00 +0.000000000000000E+00 +0.752055382480869E+03 +0.722033479659821E+02 +0.186636394469684E+06 +0.812981627323973E+02 
_PQload TR_CPACIFICO/Load_a PACIFICO220a
1 +0.500000000000000E+02
+0.000000000000000E+00 +0.000000000000000E+00 +0.110276606767149E+03 -0.600018050510698E+02 +0.182238946847412E+06 -0.415121491299427E+02 
_PQload TR_CPACIFICO/Load_b PACIFICO220b
1 +0.500000000000000E+02
+0.000000000000000E+00 +0.000000000000000E+00 +0.110276606767135E+03 +0.179998194948934E+03 +0.182238946847436E+06 -0.161512149129939E+03 
_PQload TR_CPACIFICO/Load_c PACIFICO220c
1 +0.500000000000000E+02
+0.000000000000000E+00 +0.000000000000000E+00 +0.110276606767145E+03 +0.599981949489328E+02 +0.182238946847420E+06 +0.784878508700600E+02 
_PQload TR_DICHATO/Load_a DICHATO220a
1 +0.500000000000000E+02
+0.000000000000000E+00 +0.000000000000000E+00 +0.282816587294446E+03 -0.498726742182250E+02 +0.184355462390278E+06 -0.451199385768025E+02 
_PQload TR_DICHATO/Load_b DICHATO220b
1 +0.500000000000000E+02
+0.000000000000000E+00 +0.000000000000000E+00 +0.282816587294446E+03 -0.169872674218225E+03 +0.184355462390278E+06 -0.165119938576802E+03 
_PQload TR_DICHATO/Load_c DICHATO220c
1 +0.500000000000000E+02
+0.000000000000000E+00 +0.000000000000000E+00 +0.282816587294446E+03 +0.701273257817751E+02 +0.184355462390278E+06 +0.748800614231975E+02 
_PQload TR_HUALP_N1/Load_a HUALP220a
1 +0.500000000000000E+02
+0.000000000000000E+00 +0.000000000000000E+00 +0.498256617649421E+03 -0.348945534245093E+02 +0.182917787277961E+06 -0.452780330084919E+02 
_PQload TR_HUALP_N1/Load_b HUALP220b
1 +0.500000000000000E+02
+0.000000000000000E+00 +0.000000000000000E+00 +0.498256617649421E+03 -0.154894553424509E+03 +0.182917787277961E+06 -0.165278033008492E+03 
_PQload TR_HUALP_N1/Load_c HUALP220c
1 +0.500000000000000E+02
+0.000000000000000E+00 +0.000000000000000E+00 +0.498256617649421E+03 +0.851054465754907E+02 +0.182917787277961E+06 +0.747219669915081E+02 
_PQload TR_HUALQUI_220/Load_a HUALQUI220a
1 +0.500000000000000E+02
+0.000000000000000E+00 +0.000000000000000E+00 +0.189492819898613E+03 -0.500349202984223E+02 +0.183745101820405E+06 -0.444861942269331E+02 
_PQload TR_HUALQUI_220/Load_b HUALQUI220b
1 +0.500000000000000E+02
+0.000000000000000E+00 +0.000000000000000E+00 +0.189492819898613E+03 -0.170034920298422E+03 +0.183745101820405E+06 -0.164486194226933E+03 
_PQload TR_HUALQUI_220/Load_c HUALQUI220c
1 +0.500000000000000E+02
+0.000000000000000E+00 +0.000000000000000E+00 +0.189492819898614E+03 +0.699650797015777E+02 +0.183745101820405E+06 +0.755138057730669E+02 
_PQload TR_ITAHUE_N1/Load_a ITAHUE220a
1 +0.500000000000000E+02
+0.000000000000000E+00 +0.000000000000000E+00 +0.529512242600386E+03 -0.531142520471296E+02 +0.184864331820662E+06 -0.426452002199918E+02 
_PQload TR_ITAHUE_N1/Load_b ITAHUE220b
1 +0.500000000000000E+02
+0.000000000000000E+00 +0.000000000000000E+00 +0.529512242600386E+03 -0.173114252047130E+03 +0.184864331820662E+06 -0.162645200219992E+03 
_PQload TR_ITAHUE_N1/Load_c ITAHUE220c
1 +0.500000000000000E+02
+0.000000000000000E+00 +0.000000000000000E+00 +0.529512242600386E+03 +0.668857479528704E+02 +0.184864331820662E+06 +0.773547997800082E+02 
_PQload TR_LGUINDOS/Load_a LGUINDOS220a
1 +0.500000000000000E+02
+0.000000000000000E+00 +0.000000000000000E+00 +0.234699654214417E+03 -0.572721753596065E+02 +0.182451775009189E+06 -0.457046346168900E+02 
_PQload TR_LGUINDOS/Load_b LGUINDOS220b
1 +0.500000000000000E+02
+0.000000000000000E+00 +0.000000000000000E+00 +0.234699654214417E+03 -0.177272175359607E+03 +0.182451775009189E+06 -0.165704634616890E+03 
_PQload TR_LGUINDOS/Load_c LGUINDOS220c
1 +0.500000000000000E+02
+0.000000000000000E+00 +0.000000000000000E+00 +0.234699654214417E+03 +0.627278246403935E+02 +0.182451775009189E+06 +0.742953653831100E+02 
_PQload TR_MAPA/Load_a MAPA220a
1 +0.500000000000000E+02
+0.000000000000000E+00 +0.000000000000000E+00 +0.203441543320468E+03 -0.265083347389882E+02 +0.182621105654723E+06 -0.463328653726942E+02 
_PQload TR_MAPA/Load_b MAPA220b
1 +0.500000000000000E+02
+0.000000000000000E+00 +0.000000000000000E+00 +0.203441543320469E+03 -0.146508334738988E+03 +0.182621105654723E+06 -0.166332865372694E+03 
_PQload TR_MAPA/Load_c MAPA220c
1 +0.500000000000000E+02
+0.000000000000000E+00 +0.000000000000000E+00 +0.203441543320469E+03 +0.934916652610119E+02 +0.182621105654723E+06 +0.736671346273058E+02 
_PQload TR_MATAQ_220/Load_a MATAQUITO220a
1 +0.500000000000000E+02
+0.000000000000000E+00 +0.000000000000000E+00 +0.129399219800040E+03 -0.404642754354378E+02 +0.185313155603127E+06 -0.436996183493244E+02 
_PQload TR_MATAQ_220/Load_b MATAQUITO220b
1 +0.500000000000000E+02
+0.000000000000000E+00 +0.000000000000000E+00 +0.129399219800040E+03 -0.160464275435438E+03 +0.185313155603127E+06 -0.163699618349324E+03 
_PQload TR_MATAQ_220/Load_c MATAQUITO220c
1 +0.500000000000000E+02
+0.000000000000000E+00 +0.000000000000000E+00 +0.129399219800040E+03 +0.795357245645622E+02 +0.185313155603127E+06 +0.763003816506756E+02 
_PQload TR_NIRIVI/Load_a NNIRIVI220a
1 +0.500000000000000E+02
+0.000000000000000E+00 +0.000000000000000E+00 +0.230914902268669E+03 -0.560789381120288E+02 +0.185210713284906E+06 -0.448065441632695E+02 
_PQload TR_NIRIVI/Load_b NNIRIVI220b
1 +0.500000000000000E+02
+0.000000000000000E+00 +0.000000000000000E+00 +0.230914902268669E+03 -0.176078938112029E+03 +0.185210713284906E+06 -0.164806544163270E+03 
_PQload TR_NIRIVI/Load_c NNIRIVI220c
1 +0.500000000000000E+02
+0.000000000000000E+00 +0.000000000000000E+00 +0.230914902268669E+03 +0.639210618879712E+02 +0.185210713284906E+06 +0.751934558367305E+02 
_PQload TR_NVACAUQUE/Load_a NVACAUQUE220a
1 +0.500000000000000E+02
+0.000000000000000E+00 +0.000000000000000E+00 +0.254801818856382E+03 -0.606435553230511E+02 +0.184972388590463E+06 -0.452553304371217E+02 
_PQload TR_NVACAUQUE/Load_b NVACAUQUE220b
1 +0.500000000000000E+02
+0.000000000000000E+00 +0.000000000000000E+00 +0.254801818856383E+03 +0.179356444676949E+03 +0.184972388590463E+06 -0.165255330437122E+03 
_PQload TR_NVACAUQUE/Load_c NVACAUQUE220c
1 +0.500000000000000E+02
+0.000000000000000E+00 +0.000000000000000E+00 +0.254801818856382E+03 +0.593564446769489E+02 +0.184972388590463E+06 +0.747446695628783E+02 
_PQload TR_STAFE_220/Load_a STA_FE_220a
1 +0.500000000000000E+02
+0.000000000000000E+00 +0.000000000000000E+00 +0.252218137190931E+03 -0.504901650133302E+02 +0.183029558991595E+06 -0.409891009328703E+02 
_PQload TR_STAFE_220/Load_b STA_FE_220b
1 +0.500000000000000E+02
+0.000000000000000E+00 +0.000000000000000E+00 +0.252218137190899E+03 -0.170490165013327E+03 +0.183029558991618E+06 -0.160989100932867E+03 
_PQload TR_STAFE_220/Load_c STA_FE_220c
1 +0.500000000000000E+02
+0.000000000000000E+00 +0.000000000000000E+00 +0.252218137190920E+03 +0.695098349866723E+02 +0.183029558991603E+06 +0.790108990671322E+02 
_PQload TR_TUNICHE_N1/Load_a TUNICHE220a
1 +0.500000000000000E+02
+0.000000000000000E+00 +0.000000000000000E+00 +0.441294730961213E+03 -0.462027876149221E+02 +0.184433724723718E+06 -0.464843763603643E+02 
_PQload TR_TUNICHE_N1/Load_b TUNICHE220b
1 +0.500000000000000E+02
+0.000000000000000E+00 +0.000000000000000E+00 +0.441294730961213E+03 -0.166202787614922E+03 +0.184433724723718E+06 -0.166484376360364E+03 
_PQload TR_TUNICHE_N1/Load_c TUNICHE220c
1 +0.500000000000000E+02
+0.000000000000000E+00 +0.000000000000000E+00 +0.441294730961213E+03 +0.737972123850779E+02 +0.184433724723718E+06 +0.735156236396357E+02 
