_Slack Central_Ralco/Ralco_U1/LF_RALC_U1 Central_Ralco/Ralco_U1/s13
3 +0.500000000000000E+02
+0.120971113534710E+05 +0.190594474288333E+02 +0.626140010171386E+04 +0.942540479846348E+00 +0.114930058731386E+05 +0.217198736234110E-12 
+0.120971113534710E+05 -0.100940552571167E+03 +0.626140010171382E+04 -0.119057459520141E+03 +0.114930058731388E+05 -0.120000000000000E+03 
+0.120971113534710E+05 +0.139059447428833E+03 +0.626140010171508E+04 +0.120942540479853E+03 +0.114930058731387E+05 +0.120000000000000E+03 
_PVbus C_ANGOSTURA/Angostura_U1/LF2 C_ANGOSTURA/Angostura_U1/s8
3 +0.500000000000000E+02
+0.109285822784124E+05 +0.264264641775894E+02 +0.457460076518242E+04 +0.171021460713519E+02 +0.112676528168026E+05 +0.257159093030180E+00 
+0.109285822784124E+05 -0.935735358224106E+02 +0.457460076518251E+04 -0.102897853928647E+03 +0.112676528168026E+05 -0.119742840906970E+03 
+0.109285822784124E+05 +0.146426464177589E+03 +0.457460076518257E+04 +0.137102146071352E+03 +0.112676528168026E+05 +0.120257159093030E+03 
_PVbus Central_Canutillar/Canutillar_U1/LF_CANU_U1 Central_Canutillar/Canutillar_U1/s13
3 +0.500000000000000E+02
+0.127564407051419E+05 -0.371566584932831E+01 +0.156240274399129E+04 -0.369017269609546E+02 +0.112676528168026E+05 -0.181145979001278E+02 
+0.127564407051419E+05 -0.123715665849328E+03 +0.156240274412241E+04 -0.156901726959928E+03 +0.112676528167942E+05 -0.138114597900459E+03 
+0.127564407051419E+05 +0.116284334150672E+03 +0.156240274408109E+04 +0.830982730353946E+02 +0.112676528167421E+05 +0.101885402099744E+03 
_PVbus Central_Canutillar/Canutillar_U2/LF_CANU_U2 Central_Canutillar/Canutillar_U2/s13
3 +0.500000000000000E+02
+0.127564407051419E+05 -0.371566584932831E+01 +0.156240274399129E+04 -0.369017269609546E+02 +0.112676528168026E+05 -0.181145979001278E+02 
+0.127564407051419E+05 -0.123715665849328E+03 +0.156240274412241E+04 -0.156901726959928E+03 +0.112676528167942E+05 -0.138114597900459E+03 
+0.127564407051419E+05 +0.116284334150672E+03 +0.156240274408109E+04 +0.830982730353946E+02 +0.112676528167421E+05 +0.101885402099744E+03 
_PVbus Central_Colbun/Colbun_U1/LF_COLB_U1 Central_Colbun/Colbun_U1/s13
3 +0.500000000000000E+02
+0.130649022341925E+05 +0.221033428299640E+02 +0.576880348773568E+04 -0.549860826334774E+01 +0.115942514491737E+05 -0.163991114529747E+01 
+0.130649022341925E+05 -0.978966571700361E+02 +0.576880348773568E+04 -0.125498608263348E+03 +0.115942514491737E+05 -0.121639911145297E+03 
+0.130649022341925E+05 +0.142103342829964E+03 +0.576880348773567E+04 +0.114501391736652E+03 +0.115942514491737E+05 +0.118360088854703E+03 
_PVbus Central_Colbun/Colbun_U2/LF_COLB_U2 Central_Colbun/Colbun_U2/s4
3 +0.500000000000000E+02
+0.130647296229870E+05 +0.221269658478217E+02 +0.576878959847416E+04 -0.547327392095604E+01 +0.115942514491737E+05 -0.161662257242291E+01 
+0.130647296229870E+05 -0.978730341521783E+02 +0.576878959847415E+04 -0.125473273920956E+03 +0.115942514491737E+05 -0.121616622572423E+03 
+0.130647296229870E+05 +0.142126965847822E+03 +0.576878959847415E+04 +0.114526726079044E+03 +0.115942514491737E+05 +0.118383377427577E+03 
_PVbus Central_LaConfluencia/LaConfluencia_U1/LF_LCONFLUE_U1 Central_LaConfluencia/LaConfluencia_U1/s3
3 +0.500000000000000E+02
+0.123955858603328E+05 +0.128457540204069E+02 +0.152553814231287E+04 +0.364537658853190E+01 +0.123290983720087E+05 -0.339568182163490E+01 
+0.123955858603328E+05 -0.107154245979593E+03 +0.152553814231287E+04 -0.116354623411468E+03 +0.123290983720087E+05 -0.123395681821635E+03 
+0.123955858603328E+05 +0.132845754020407E+03 +0.152553814231287E+04 +0.123645376588532E+03 +0.123290983720087E+05 +0.116604318178365E+03 
_PVbus Central_LaConfluencia/LaConfluencia_U2/LF_LCONFLUE_U2 Central_LaConfluencia/LaConfluencia_U2/s1
3 +0.500000000000000E+02
+0.106991319904836E+05 +0.153801628552489E+02 +0.180405829569903E+04 +0.301198592477761E+02 +0.124107480301014E+05 -0.339774361047241E+01 
+0.106991319904836E+05 -0.104619837144751E+03 +0.180405829569903E+04 -0.898801407522238E+02 +0.124107480301014E+05 -0.123397743610472E+03 
+0.106991319904836E+05 +0.135380162855249E+03 +0.180405829569904E+04 +0.150119859247776E+03 +0.124107480301014E+05 +0.116602256389528E+03 
_PVbus Central_LaHiguera/LaHiguera_U1/LF_LHIGUER_U1 Central_LaHiguera/LaHiguera_U1/s13
3 +0.500000000000000E+02
+0.124355674416635E+05 +0.168521487167310E+02 +0.228390652101075E+04 -0.319762809750276E+01 +0.116759011072665E+05 -0.319926598286308E+01 
+0.124355674416635E+05 -0.103147851283269E+03 +0.228390652101074E+04 -0.123197628097503E+03 +0.116759011072665E+05 -0.123199265982863E+03 
+0.124355674416635E+05 +0.136852148716731E+03 +0.228390652101075E+04 +0.116802371902497E+03 +0.116759011072665E+05 +0.116800734017137E+03 
_PVbus Central_LaHiguera/LaHuiguera_U2/LF_LHIGUER_U2 Central_LaHiguera/LaHuiguera_U2/s13
3 +0.500000000000000E+02
+0.124357313477232E+05 +0.168542173371390E+02 +0.228390652025193E+04 -0.319762854754960E+01 +0.116759011072665E+05 -0.319692052764041E+01 
+0.124357313477232E+05 -0.103145782662861E+03 +0.228390652025193E+04 -0.123197628547550E+03 +0.116759011072665E+05 -0.123196920527640E+03 
+0.124357313477232E+05 +0.136854217337139E+03 +0.228390652025194E+04 +0.116802371452450E+03 +0.116759011072665E+05 +0.116803079472360E+03 
_PVbus Central_LosHierros/Loma_LHierros/Loma_Alta_LHierros Central_LosHierros/Loma_LHierros/s13
3 +0.500000000000000E+02
+0.116794858008269E+05 +0.765859958717420E+01 +0.514252146572312E+03 +0.564374167300949E+01 +0.117795961730443E+05 -0.226945713960765E+01 
+0.116794858008269E+05 -0.112341400412826E+03 +0.514252146572300E+03 -0.114356258326991E+03 +0.117795961730443E+05 -0.122269457139608E+03 
+0.116794858008269E+05 +0.127658599587174E+03 +0.514252146572303E+03 +0.125643741673011E+03 +0.117795961730443E+05 +0.117730542860392E+03 
_PVbus Central_Pangue/Pangue_U1/LF_PANG_U1 Central_Pangue/Pangue_U1/s13
3 +0.500000000000000E+02
+0.117879002080823E+05 +0.166060190333313E+02 +0.486157532653020E+04 -0.475525614444809E+01 +0.110227038425243E+05 +0.829592269400894E+00 
+0.117879002080823E+05 -0.103393980966669E+03 +0.486157532653024E+04 -0.124755256144446E+03 +0.110227038425243E+05 -0.119170407730599E+03 
+0.117879002080823E+05 +0.136606019033331E+03 +0.486157532653039E+04 +0.115244743855553E+03 +0.110227038425243E+05 +0.120829592269401E+03 
_PVbus Central_Peuchen/Peuchen_U1/LF_PEUCH_U1 Central_Peuchen/Peuchen_U1/s13
3 +0.500000000000000E+02
+0.132122485692977E+05 +0.168332159977066E+02 +0.108092035330749E+04 -0.149625040069035E+02 +0.115126017910809E+05 -0.185525015727725E+01 
+0.132122485692977E+05 -0.103166784002293E+03 +0.108092035330749E+04 -0.134962504006904E+03 +0.115126017910809E+05 -0.121855250157277E+03 
+0.132122485692977E+05 +0.136833215997707E+03 +0.108092035330749E+04 +0.105037495993096E+03 +0.115126017910809E+05 +0.118144749842723E+03 
_PVbus Central_Antuco/Antuco_U2/LF_ANTU_U2 Central_Antuco/Antuco_U2/s13
3 +0.500000000000000E+02
+0.123341424429126E+05 +0.287990291427320E+02 +0.499824717586622E+04 -0.188232711679840E+00 +0.107777548682460E+05 +0.437856160605816E+00 
+0.123341424429126E+05 -0.912009708572680E+02 +0.499824717586621E+04 -0.120188232711679E+03 +0.107777548682460E+05 -0.119562143839394E+03 
+0.123341424429126E+05 +0.148799029142732E+03 +0.499824717586626E+04 +0.119811767288321E+03 +0.107777548682460E+05 +0.120437856160606E+03 
_PVbus Central_Machicura/Machicura_U1/LF_MACHI_U1 Central_Machicura/Machicura_U1/s2
3 +0.500000000000000E+02
+0.112452823405539E+05 +0.180646016595248E+02 +0.111278617293771E+04 +0.106668668423727E+02 +0.114309521329882E+05 -0.221622845730369E+01 
+0.112452823405539E+05 -0.101935398340475E+03 +0.111278617293771E+04 -0.109333133157627E+03 +0.114309521329882E+05 -0.122216228457304E+03 
+0.112452823405539E+05 +0.138064601659525E+03 +0.111278617293771E+04 +0.130666866842373E+03 +0.114309521329882E+05 +0.117783771542696E+03 
_PVbus Central_Machicura/Machicura_U2/LF_MACHI_U2 Central_Machicura/Machicura_U2/s1
3 +0.500000000000000E+02
+0.112531791887228E+05 +0.180693590307894E+02 +0.111226549716996E+04 +0.105687813188155E+02 +0.114309521329882E+05 -0.219651707877905E+01 
+0.112531791887228E+05 -0.101930640969211E+03 +0.111226549716996E+04 -0.109431218681185E+03 +0.114309521329882E+05 -0.122196517078779E+03 
+0.112531791887228E+05 +0.138069359030789E+03 +0.111226549716996E+04 +0.130568781318816E+03 +0.114309521329882E+05 +0.117803482921221E+03 
_PVbus Central_Pehuenche/Pehuenche_U1/Pehuenche_U1_lf Central_Pehuenche/Pehuenche_U1/s4
3 +0.500000000000000E+02
+0.120326751610281E+05 +0.218209285943327E+02 +0.745777135777423E+04 +0.122252820524389E+01 +0.112676528168026E+05 -0.348287921811231E+00 
+0.120326751610281E+05 -0.981790714056673E+02 +0.745777135777415E+04 -0.118777471794756E+03 +0.112676528168026E+05 -0.120348287921811E+03 
+0.120326751610281E+05 +0.141820928594333E+03 +0.745777135777417E+04 +0.121222528205244E+03 +0.112676528168026E+05 +0.119651712078189E+03 
_PVbus Central_Pehuenche/Pehuenche_U2/Pehuenche_U2_LF Central_Pehuenche/Pehuenche_U2/s12
3 +0.500000000000000E+02
+0.125694612922463E+05 +0.206907006566441E+02 +0.749199412317561E+04 -0.618355922995741E+01 +0.112676528168026E+05 -0.484968499982560E+00 
+0.125694612922463E+05 -0.993092993433559E+02 +0.749199412317553E+04 -0.126183559229958E+03 +0.112676528168026E+05 -0.120484968499983E+03 
+0.125694612922463E+05 +0.140690700656644E+03 +0.749199412317553E+04 +0.113816440770043E+03 +0.112676528168026E+05 +0.119515031500017E+03 
_PVbus STAT_ENTRERIOS/PVinit/LF STAT_ENTRERIOS/s2
3 +0.500000000000000E+02
+0.488733312078052E+03 -0.496172464120260E+01 +0.112885076108977E+05 +0.850382753588121E+02 +0.488734440928813E+03 -0.496172464120260E+01 
+0.488733312078052E+03 -0.124961724641203E+03 +0.112885076109055E+05 -0.349617246411946E+02 +0.488734440928813E+03 -0.124961724641203E+03 
+0.488733312078052E+03 +0.115038275358797E+03 +0.112885076109010E+05 -0.154961724641225E+03 +0.488734440928813E+03 +0.115038275358797E+03 
_PVbus STATCOM_MAIPO/PVinit/LF STATCOM_MAIPO/s2
3 +0.500000000000000E+02
+0.487319986151494E+03 -0.882765939969549E+01 +0.599817521975059E+05 +0.811723406003043E+02 +0.487325984326713E+03 -0.882765939969549E+01 
+0.487319986151493E+03 -0.128827659399696E+03 +0.599817521975071E+05 -0.388276593996957E+02 +0.487325984326713E+03 -0.128827659399696E+03 
+0.487319986151493E+03 +0.111172340600305E+03 +0.599817521975078E+05 -0.158827659399696E+03 +0.487325984326713E+03 +0.111172340600305E+03 
_PQbus Central_ElPaso/ElPaso_U1/LF_EPASO_U1 Central_ElPaso/ElPaso_U1/s13
3 +0.500000000000000E+02
+0.907286531831340E+04 +0.650948476063028E+01 +0.421038795758519E+03 -0.227290357345679E+02 +0.836201386318054E+04 -0.395100251212207E+01 
+0.907286531831340E+04 -0.113490515239370E+03 +0.421038795758516E+03 -0.142729035734568E+03 +0.836201386318055E+04 -0.123951002512122E+03 
+0.907286531831340E+04 +0.126509484760630E+03 +0.421038795758519E+03 +0.972709642654326E+02 +0.836201386318055E+04 +0.116048997487878E+03 
_PQbus Central_LomaAlta_RioColorado/LomaALta/LF_LomaAlta Central_LomaAlta_RioColorado/LomaALta/s13
3 +0.500000000000000E+02
+0.104286617917458E+05 -0.516910876162345E+00 +0.229638703371131E+03 +0.556368610664722E+02 +0.112023981430188E+05 -0.314473616917998E+01 
+0.104286617917458E+05 -0.120516910876162E+03 +0.229638703371122E+03 -0.643631389335262E+02 +0.112023981430188E+05 -0.123144736169180E+03 
+0.104286617917458E+05 +0.119483089123838E+03 +0.229638703371132E+03 +0.175636861066475E+03 +0.112023981430188E+05 +0.116855263830820E+03 
_PQbus Central_LomaAlta_RioColorado/La_Mina_RColorado/La_Mina_RColorado Central_LomaAlta_RioColorado/La_Mina_RColorado/s13
3 +0.500000000000000E+02
+0.115876745090281E+05 -0.715599081531798E-01 +0.172795119469275E+03 -0.268126476706886E+01 +0.115744009792805E+05 -0.268126476706849E+01 
+0.115876745090281E+05 -0.120071559908153E+03 +0.172795119469264E+03 -0.122681264767070E+03 +0.115744009792805E+05 -0.122681264767068E+03 
+0.115876745090281E+05 +0.119928440091847E+03 +0.172795119469267E+03 +0.117318735232933E+03 +0.115744009792805E+05 +0.117318735232932E+03 
_PQbus Central_SanAndres/SanAndres_U2/LF_SANDRES_U2 Central_SanAndres/SanAndres_U2/s13
3 +0.500000000000000E+02
+0.918528568963148E+04 +0.706519040395666E+01 +0.402360937224274E+03 -0.185225885649402E+02 +0.855987094054671E+04 -0.394837236690137E+01 
+0.918528568963148E+04 -0.112934809596043E+03 +0.402360937224273E+03 -0.138522588564940E+03 +0.855987094054671E+04 -0.123948372366901E+03 
+0.918528568963148E+04 +0.127065190403957E+03 +0.402360937224274E+03 +0.101477411435060E+03 +0.855987094054671E+04 +0.116051627633099E+03 
_PQbus Central_Digua/Digua_U1/LF_DIGUA_U1 Central_Digua/Digua_U1/s13
3 +0.500000000000000E+02
+0.638673411268957E+04 +0.596882759036209E+01 +0.416939155255599E+03 -0.307922843978431E+02 +0.572059291130390E+04 -0.422723322076696E+01 
+0.638673411268957E+04 -0.114031172409638E+03 +0.416939155255491E+03 -0.150792284397854E+03 +0.572059291130388E+04 -0.124227233220766E+03 
+0.638673411268957E+04 +0.125968827590362E+03 +0.416939155255474E+03 +0.892077156021641E+02 +0.572059291130397E+04 +0.115772766779234E+03 
_PQbus PMGD_PFV_Paine154/PQinit/LF PMGD_PFV_Paine154/s9
3 +0.500000000000000E+02
+0.186882192505864E+06 -0.389866743477390E+02 +0.705942264810442E+02 -0.124216646510798E+02 +0.186882192509021E+06 -0.389866743496748E+02 
+0.186882192505864E+06 -0.158986674347739E+03 +0.705941752480888E+02 -0.132421617929373E+03 +0.186882192509021E+06 -0.158986674349675E+03 
+0.186882192505864E+06 +0.810133256522610E+02 +0.705942334721423E+02 +0.107578413062663E+03 +0.186882192509021E+06 +0.810133256503252E+02 
_PQbus PMGD_PFV_Parral154/PQinit/LF PMGD_PFV_Parral154/s9
3 +0.500000000000000E+02
+0.189711056899388E+06 -0.348729356527092E+02 +0.249468812424043E+03 -0.223441329911093E+02 +0.189711056904800E+06 -0.348729356600641E+02 
+0.189711056899388E+06 -0.154872935652709E+03 +0.249468843050431E+03 -0.142344118680841E+03 +0.189711056904800E+06 -0.154872935660064E+03 
+0.189711056899388E+06 +0.851270643472909E+02 +0.249468826249783E+03 +0.976558678192122E+02 +0.189711056904800E+06 +0.851270643399359E+02 
_PQbus PMGD_PFV_PCortes154/PQinit/LF PMGD_PFV_PCortes154/s9
3 +0.500000000000000E+02
+0.186882192509206E+06 -0.389866743473195E+02 +0.185500226663895E+02 -0.389867706625204E+02 +0.186882192509206E+06 -0.389866743478882E+02 
+0.186882192509206E+06 -0.158986674347319E+03 +0.185500401376540E+02 -0.158986649686475E+03 +0.186882192509206E+06 -0.158986674347888E+03 
+0.186882192509206E+06 +0.810133256526806E+02 +0.185499692314892E+02 +0.810133973055138E+02 +0.186882192509206E+06 +0.810133256521118E+02 
_PQbus PMGD_PFV_Rancagua154/PQinit/LF PMGD_PFV_Rancagua154/s9
3 +0.500000000000000E+02
+0.186882192510455E+06 -0.389866743336641E+02 +0.717029268343333E+02 -0.389866689610192E+02 +0.186882192510455E+06 -0.389866743358624E+02 
+0.186882192510455E+06 -0.158986674333664E+03 +0.717029185923428E+02 -0.158986682135450E+03 +0.186882192510455E+06 -0.158986674335862E+03 
+0.186882192510455E+06 +0.810133256663359E+02 +0.717029322475332E+02 +0.810133280888811E+02 +0.186882192510455E+06 +0.810133256641376E+02 
_PQbus PMGD_PFV_Teno154/PQinit/LF PMGD_PFV_Teno154/s9
3 +0.500000000000000E+02
+0.186055531638875E+06 -0.361579822979048E+02 +0.666467478809850E+02 -0.361580059703732E+02 +0.186055531638875E+06 -0.361579822999572E+02 
+0.186055531638875E+06 -0.156157982297905E+03 +0.666467759765849E+02 -0.156157947164375E+03 +0.186055531638875E+06 -0.156157982299957E+03 
+0.186055531638875E+06 +0.838420177020952E+02 +0.666467825247587E+02 +0.838420062348679E+02 +0.186055531638875E+06 +0.838420177000428E+02 
_PQbus PMGD_PFV_Tinguiririca154/PQinit/LF PMGD_PFV_Tinguiririca154/s9
3 +0.500000000000000E+02
+0.186055531609021E+06 -0.361579822969092E+02 +0.582745504085935E+02 +0.884202050384359E+01 +0.186055531613142E+06 -0.361579822981781E+02 
+0.186055531609021E+06 -0.156157982296909E+03 +0.582745875330436E+02 -0.111157957025795E+03 +0.186055531613142E+06 -0.156157982298178E+03 
+0.186055531609021E+06 +0.838420177030908E+02 +0.582745378317635E+02 +0.128841989627395E+03 +0.186055531613142E+06 +0.838420177018219E+02 
_PQbus PMGD_PFV_Charrua066/PQinit/LF PMGD_PFV_Charrua066/s9
3 +0.500000000000000E+02
+0.189711056899195E+06 -0.348729356572505E+02 +0.403361922366964E+03 -0.223441270199628E+02 +0.189711056907945E+06 -0.348729356691425E+02 
+0.189711056899195E+06 -0.154872935657250E+03 +0.403361949308767E+03 -0.142344116609624E+03 +0.189711056907945E+06 -0.154872935669143E+03 
+0.189711056899195E+06 +0.851270643427495E+02 +0.403361933170059E+03 +0.976558597496128E+02 +0.189711056907945E+06 +0.851270643308575E+02 
_PQbus PMGD_PFV_Horcones066/PQinit/LF PMGD_PFV_Horcones066/s9
3 +0.500000000000000E+02
+0.187608121184697E+06 -0.399463261087749E+02 +0.652970659313872E+02 -0.296005616322879E+02 +0.187608121185869E+06 -0.399463261107367E+02 
+0.187608121184697E+06 -0.159946326108775E+03 +0.652970659313945E+02 -0.149600561632284E+03 +0.187608121185869E+06 -0.159946326110737E+03 
+0.187608121184697E+06 +0.800536738912251E+02 +0.652970659314083E+02 +0.903994383676999E+02 +0.187608121185869E+06 +0.800536738892633E+02 
_PQbus PMGD_PFV_Mulchen220/PQinit/LF PMGD_PFV_Mulchen220/s9
3 +0.500000000000000E+02
+0.190169019712844E+06 -0.331979654151026E+02 +0.147058389864647E+03 -0.206691600187151E+02 +0.190169019716034E+06 -0.331979654194278E+02 
+0.190169019712844E+06 -0.153197965415103E+03 +0.147058414931252E+03 -0.140669149976994E+03 +0.190169019716034E+06 -0.153197965419428E+03 
+0.190169019712844E+06 +0.868020345848974E+02 +0.147058391283066E+03 +0.993308368648788E+02 +0.190169019716034E+06 +0.868020345805722E+02 
_PQbus PMGD_PFV_Duqueco220/PQinit/LF PMGD_PFV_Duqueco220/s9
3 +0.500000000000000E+02
+0.188483601787333E+06 -0.363563335139851E+02 +0.561871443080926E+02 -0.363563335156814E+02 +0.188483601787333E+06 -0.363563335156931E+02 
+0.188483601787333E+06 -0.156356333513985E+03 +0.561871443080819E+02 -0.156356333515687E+03 +0.188483601787333E+06 -0.156356333515693E+03 
+0.188483601787333E+06 +0.836436664860149E+02 +0.561871443080933E+02 +0.836436664842894E+02 +0.188483601787333E+06 +0.836436664843069E+02 
_PQbus PMGD_PFV_Temuco066/PQinit/LF PMGD_PFV_Temuco066/s9
3 +0.500000000000000E+02
+0.184736288987901E+06 -0.400750709452418E+02 +0.602837695304677E+02 -0.297293064888043E+02 +0.184736288988984E+06 -0.400750709470811E+02 
+0.184736288987901E+06 -0.160075070945242E+03 +0.602837695423657E+02 -0.149729306455589E+03 +0.184736288988984E+06 -0.160075070947081E+03 
+0.184736288987901E+06 +0.799249290547582E+02 +0.602837695492889E+02 +0.902706935384875E+02 +0.184736288988984E+06 +0.799249290529190E+02 
_PQbus PFV_Gran_Teno_OG/PQinit/LF PFV_Gran_Teno_OG/s9
3 +0.500000000000000E+02
+0.186055531577042E+06 -0.361579822865051E+02 +0.122123177233183E+03 +0.884201013816023E+01 +0.186055531585677E+06 -0.361579822891644E+02 
+0.186055531577042E+06 -0.156157982286505E+03 +0.122123221928965E+03 -0.111157980295277E+03 +0.186055531585677E+06 -0.156157982289164E+03 
+0.186055531577042E+06 +0.838420177134949E+02 +0.122123217077904E+03 +0.128842023289621E+03 +0.186055531585677E+06 +0.838420177108356E+02 
_PQbus PFV_Tamango_OG/PQinit/LF PFV_Tamango_OG/s9
3 +0.500000000000000E+02
+0.189711056916376E+06 -0.348729356769139E+02 +0.958815049149392E+02 -0.245271718815302E+02 +0.189711056918098E+06 -0.348729356797626E+02 
+0.189711056916376E+06 -0.154872935676914E+03 +0.958814812620263E+02 -0.144527158734957E+03 +0.189711056918098E+06 -0.154872935679763E+03 
+0.189711056916376E+06 +0.851270643230861E+02 +0.958814993657244E+02 +0.954728170125400E+02 +0.189711056918098E+06 +0.851270643202375E+02 
_PQbus PMG_Venezia_Solar_OG/PQinit/LF PMG_Venezia_Solar_OG/s9
3 +0.500000000000000E+02
+0.186055531631820E+06 -0.361579823043163E+02 +0.557408772999185E+01 +0.884206505905936E+01 +0.186055531632214E+06 -0.361579823044377E+02 
+0.186055531631820E+06 -0.156157982304316E+03 +0.557407591769076E+01 -0.111158135208155E+03 +0.186055531632214E+06 -0.156157982304438E+03 
+0.186055531631820E+06 +0.838420176956837E+02 +0.557410098982803E+01 +0.128842123235208E+03 +0.186055531632214E+06 +0.838420176955623E+02 
_PQbus PMGD_PFV_Linares154/PQinit/LF PMGD_PFV_Linares154/s9
3 +0.500000000000000E+02
+0.187831366269838E+06 -0.349086642291791E+02 +0.629203959191684E+02 +0.274196068962468E+02 +0.187831366275411E+06 -0.349086642300705E+02 
+0.187831366269838E+06 -0.154908664229179E+03 +0.629203959190376E+02 -0.925803931057594E+02 +0.187831366275411E+06 -0.154908664230070E+03 
+0.187831366269838E+06 +0.850913357708209E+02 +0.629203959170260E+02 +0.147419606894366E+03 +0.187831366275411E+06 +0.850913357699296E+02 
_PQbus PMGD_PFV_Talca066/PQinit/LF PMGD_PFV_Talca066/s9
3 +0.500000000000000E+02
+0.185959702723982E+06 -0.368531441225616E+02 +0.350666108775349E+02 +0.678335256207636E+01 +0.185959702726402E+06 -0.368531441233436E+02 
+0.185959702723982E+06 -0.156853144122562E+03 +0.350666108775331E+02 -0.113216647437920E+03 +0.185959702726402E+06 -0.156853144123344E+03 
+0.185959702723982E+06 +0.831468558774384E+02 +0.350666108775332E+02 +0.126783352562080E+03 +0.185959702726402E+06 +0.831468558766564E+02 
_PQbus PFV_Ortega_Negrete_OG/PQinit/LF PFV_Ortega_Negrete_OG/s9
3 +0.500000000000000E+02
+0.189711056930571E+06 -0.348729357049392E+02 +0.587029613045750E+01 -0.245271993197321E+02 +0.189711056930676E+06 -0.348729357051136E+02 
+0.189711056930571E+06 -0.154872935704939E+03 +0.587029009967283E+01 -0.144527310388130E+03 +0.189711056930676E+06 -0.154872935705114E+03 
+0.189711056930571E+06 +0.851270642950608E+02 +0.587030063870536E+01 +0.954729960275880E+02 +0.189711056930676E+06 +0.851270642948864E+02 
_PQbus PMGD_PFV_SJavier066/PQinit/LF PMGD_PFV_SJavier066/s9
3 +0.500000000000000E+02
+0.189143904514690E+06 -0.388176791067909E+02 +0.979581163569180E+01 -0.388176791070834E+02 +0.189143904514690E+06 -0.388176791070877E+02 
+0.189143904514690E+06 -0.158817679106791E+03 +0.979581163570808E+01 -0.158817679107061E+03 +0.189143904514690E+06 -0.158817679107088E+03 
+0.189143904514690E+06 +0.811823208932091E+02 +0.979581163569913E+01 +0.811823208928815E+02 +0.189143904514690E+06 +0.811823208929123E+02 
_PQbus PMGD_PFV_Chillan154/PQinit/LF PMGD_PFV_Chillan154/s9
3 +0.500000000000000E+02
+0.189711056924574E+06 -0.348729356973583E+02 +0.319125739776791E+03 -0.223441419929524E+02 +0.189711056931497E+06 -0.348729357067669E+02 
+0.189711056924574E+06 -0.154872935697358E+03 +0.319125701929263E+03 -0.142344108758775E+03 +0.189711056931497E+06 -0.154872935706767E+03 
+0.189711056924574E+06 +0.851270643026417E+02 +0.319125680884427E+03 +0.976558667588830E+02 +0.189711056931497E+06 +0.851270642932331E+02 
_PQbus PMGD_PFV_Itahue154/PQinit/LF PMGD_PFV_Itahue154/s9
3 +0.500000000000000E+02
+0.187692998018230E+06 -0.374075149092035E+02 +0.257353925794019E+02 +0.622898177565143E+01 +0.187692998020006E+06 -0.374075149097721E+02 
+0.187692998018230E+06 -0.157407514909204E+03 +0.257353925794079E+02 -0.113771018224362E+03 +0.187692998020006E+06 -0.157407514909772E+03 
+0.187692998018230E+06 +0.825924850907965E+02 +0.257353925794126E+02 +0.126228981775662E+03 +0.187692998020006E+06 +0.825924850902279E+02 
_PQbus PMGD_PFV_Malloa154/PQinit/LF PMGD_PFV_Malloa154/s9
3 +0.500000000000000E+02
+0.186055531636237E+06 -0.361579823051912E+02 +0.440670258694009E+02 -0.959295984503075E+01 +0.186055531638208E+06 -0.361579823064050E+02 
+0.186055531636237E+06 -0.156157982305191E+03 +0.440669700947734E+02 -0.129592947782280E+03 +0.186055531638208E+06 -0.156157982306405E+03 
+0.186055531636237E+06 +0.838420176948088E+02 +0.440671137579001E+02 +0.110407114239218E+03 +0.186055531638208E+06 +0.838420176935950E+02 
_PQbus PE_Lomas_de_Duqueco/PQinit/LF PE_Lomas_de_Duqueco/s9
3 +0.500000000000000E+02
+0.529530551380025E+05 -0.345465089422941E+02 +0.425369599312304E+03 -0.342072797682724E+02 +0.529530551382543E+05 -0.345465089883188E+02 
+0.529530551380024E+05 -0.154546508942294E+03 +0.425369599312388E+03 -0.154207279768122E+03 +0.529530551382543E+05 -0.154546508988319E+03 
+0.529530551380025E+05 +0.854534910577059E+02 +0.425369599312126E+03 +0.857927202318482E+02 +0.529530551382543E+05 +0.854534910116812E+02 
_PQbus PE_Los_Olmos/PQinit/LF PE_Los_Olmos/s9
3 +0.500000000000000E+02
+0.190683287083487E+06 -0.321307242525065E+02 +0.211335540185936E+03 -0.212191487361653E+02 +0.190683287087488E+06 -0.321307242587418E+02 
+0.190683287083487E+06 -0.152130724252507E+03 +0.211335540185937E+03 -0.141219148736166E+03 +0.190683287087488E+06 -0.152130724258742E+03 
+0.190683287083487E+06 +0.878692757474935E+02 +0.211335540185941E+03 +0.987808512638330E+02 +0.190683287087488E+06 +0.878692757412582E+02 
_PQbus PE_MallecoSur/PQinit/LF PE_MallecoSur/s9
3 +0.500000000000000E+02
+0.188607430932805E+06 -0.346058375741146E+02 +0.269526990913626E+03 -0.205361574242223E+02 +0.188607430939357E+06 -0.346058375820568E+02 
+0.188607430932805E+06 -0.154605837574115E+03 +0.269526990916797E+03 -0.140536157418858E+03 +0.188607430939357E+06 -0.154605837582057E+03 
+0.188607430932805E+06 +0.853941624258854E+02 +0.269526990912019E+03 +0.994638425780122E+02 +0.188607430939357E+06 +0.853941624179432E+02 
_PQbus PE_SanGabriel/PQinit/LF PE_SanGabriel/s9
3 +0.500000000000000E+02
+0.191449670659734E+06 -0.318750623989501E+02 +0.396084910530601E+03 -0.316256707814170E+02 +0.191449670659906E+06 -0.318750624108037E+02 
+0.191449670659734E+06 -0.151875062398950E+03 +0.396084910530597E+03 -0.151625670781417E+03 +0.191449670659906E+06 -0.151875062410804E+03 
+0.191449670659734E+06 +0.881249376010499E+02 +0.396084910530600E+03 +0.883743292185833E+02 +0.191449670659906E+06 +0.881249375891963E+02 
_PQbus PE_MallecoNorte/PQinit/LF PE_MallecoNorte/s9
3 +0.500000000000000E+02
+0.188723498371840E+06 -0.343161734728466E+02 +0.269097743500034E+03 -0.285411414259046E+02 +0.188723498374548E+06 -0.343161734809748E+02 
+0.188723498371840E+06 -0.154316173472847E+03 +0.269097743500033E+03 -0.148541141425892E+03 +0.188723498374548E+06 -0.154316173480975E+03 
+0.188723498371840E+06 +0.856838265271535E+02 +0.269097743500071E+03 +0.914588585741069E+02 +0.188723498374548E+06 +0.856838265190252E+02 
_PQbus PE_Aurora/PQinit/LF PE_Aurora/s9
3 +0.500000000000000E+02
+0.179662686345281E+06 -0.506783534242385E+02 +0.432751507487877E+03 -0.445456329624203E+02 +0.179662686349904E+06 -0.506783534379602E+02 
+0.179662686345281E+06 -0.170678353424238E+03 +0.432751507693427E+03 -0.164545632912783E+03 +0.179662686349904E+06 -0.170678353437960E+03 
+0.179662686345281E+06 +0.693216465757615E+02 +0.432751507746770E+03 +0.754543670383379E+02 +0.179662686349904E+06 +0.693216465620398E+02 
_PQbus PE_Renaico_I/PQinit/LF PE_Renaico_I/s9
3 +0.500000000000000E+02
+0.190211628159375E+06 -0.324019243111442E+02 +0.330377314107237E+03 -0.244323139266822E+02 +0.190211628163955E+06 -0.324019243209997E+02 
+0.190211628159375E+06 -0.152401924311144E+03 +0.330377314107222E+03 -0.144432313926676E+03 +0.190211628163955E+06 -0.152401924321000E+03 
+0.190211628159375E+06 +0.875980756888558E+02 +0.330377314107259E+03 +0.955676860733232E+02 +0.190211628163955E+06 +0.875980756790003E+02 
_PQbus PE_Tolpan_Sur/PQinit/LF PE_Tolpan_Sur/s9
3 +0.500000000000000E+02
+0.190766418524193E+06 -0.319953894129676E+02 +0.160371067549517E+03 -0.262203573626802E+02 +0.190766418525807E+06 -0.319953894177598E+02 
+0.190766418524193E+06 -0.151995389412968E+03 +0.160371067549519E+03 -0.146220357362684E+03 +0.190766418525807E+06 -0.151995389417760E+03 
+0.190766418524193E+06 +0.880046105870324E+02 +0.160371067549514E+03 +0.937796426373186E+02 +0.190766418525807E+06 +0.880046105822402E+02 
_PQbus PE_San_Matias_Etapa1_OG/PQinit/LF PE_San_Matias_Etapa1_OG/s9
3 +0.500000000000000E+02
+0.190169019720700E+06 -0.331979653705730E+02 +0.155545622066910E+03 -0.331979630561755E+02 +0.190169019720700E+06 -0.331979653752594E+02 
+0.190169019720700E+06 -0.153197965370573E+03 +0.155545621456551E+03 -0.153197966456782E+03 +0.190169019720700E+06 -0.153197965375259E+03 
+0.190169019720700E+06 +0.868020346294271E+02 +0.155545615257910E+03 +0.868020333871794E+02 +0.190169019720700E+06 +0.868020346247406E+02 
_PQbus BESS_La_Cabana/PQinit/LF BESS_La_Cabana/s2
3 +0.500000000000000E+02
+0.497139132813318E+03 -0.241907464380810E+01 +0.259447154371428E+05 +0.177581224371619E+03 +0.497139132806548E+03 -0.241877562838222E+01 
+0.497139132813318E+03 -0.122419074643808E+03 +0.259447154371433E+05 +0.575812243716419E+02 +0.497139132806548E+03 -0.122418775628382E+03 
+0.497139132813318E+03 +0.117580925356192E+03 +0.259447154371392E+05 -0.624187756284078E+02 +0.497139132806548E+03 +0.117581224371618E+03 
_PQbus BESS_La_Cabana_Amp/PQinit/LF BESS_La_Cabana_Amp/s2
3 +0.500000000000000E+02
+0.497139132813748E+03 -0.241908398803918E+01 +0.267554877945454E+05 +0.177581224371613E+03 +0.497139132806549E+03 -0.241877562838123E+01 
+0.497139132813748E+03 -0.122419083988039E+03 +0.267554877945475E+05 +0.575812243716128E+02 +0.497139132806549E+03 -0.122418775628381E+03 
+0.497139132813748E+03 +0.117580916011961E+03 +0.267554877945645E+05 -0.624187756283697E+02 +0.497139132806549E+03 +0.117581224371619E+03 
_PQbus LF1 MAIPO220_NORTEG
3 +0.600000000000000E+02
+0.188480128952216E+06 -0.388452316453896E+02 +0.148341424716440E+03 +0.371913244007320E+02 +0.188524542290849E+06 -0.388486232825929E+02 
+0.188480128952216E+06 -0.158845231645390E+03 +0.148341424716424E+03 -0.828086755992501E+02 +0.188524542290849E+06 -0.158848623282593E+03 
+0.188480128952216E+06 +0.811547683546104E+02 +0.148341424716438E+03 +0.157191324400712E+03 +0.188524542290849E+06 +0.811513767174071E+02 
_PQbus LF2 s756
3 +0.500000000000000E+02
+0.420943668238084E+06 -0.350789508042689E+02 +0.338764807879088E+03 +0.671257654545207E+02 +0.421045937538412E+06 -0.350759766381687E+02 
+0.420943668238084E+06 -0.155078950804269E+03 +0.338764807879117E+03 -0.528742345454767E+02 +0.421045937538412E+06 -0.155075976638169E+03 
+0.420943668238084E+06 +0.849210491957311E+02 +0.338764807879119E+03 -0.172874234545481E+03 +0.421045937538412E+06 +0.849240233618313E+02 
_PQload ATR_LASTARR_220/Load_a LASTARRIA220a
1 +0.500000000000000E+02
+0.000000000000000E+00 +0.000000000000000E+00 +0.979202346404205E+02 -0.431724873024263E+02 +0.182536070699301E+06 -0.454383276049777E+02 
_PQload ATR_LASTARR_220/Load_b LASTARRIA220b
1 +0.500000000000000E+02
+0.000000000000000E+00 +0.000000000000000E+00 +0.979202346403533E+02 -0.163172487302455E+03 +0.182536070699427E+06 -0.165438327605006E+03 
_PQload ATR_LASTARR_220/Load_c LASTARRIA220c
1 +0.500000000000000E+02
+0.000000000000000E+00 +0.000000000000000E+00 +0.979202346404424E+02 +0.768275126975276E+02 +0.182536070699260E+06 +0.745616723949762E+02 
_PQload ATR_METR_220_1/Load_a METRENCO220a
1 +0.500000000000000E+02
+0.000000000000000E+00 +0.000000000000000E+00 +0.174855513052804E+03 -0.365419314803251E+02 +0.184336435290197E+06 -0.411805872983137E+02 
_PQload ATR_METR_220_1/Load_b METRENCO220b
1 +0.500000000000000E+02
+0.000000000000000E+00 +0.000000000000000E+00 +0.174855513052766E+03 -0.156541931480335E+03 +0.184336435290237E+06 -0.161180587298324E+03 
_PQload ATR_METR_220_1/Load_c METRENCO220c
1 +0.500000000000000E+02
+0.000000000000000E+00 +0.000000000000000E+00 +0.174855513052794E+03 +0.834580685196652E+02 +0.184336435290208E+06 +0.788194127016766E+02 
_PQload ATR_PICHIRRO/Load_a PICHIRRO220a
1 +0.500000000000000E+02
+0.000000000000000E+00 +0.000000000000000E+00 +0.166218974564073E+03 -0.601464689294826E+02 +0.179906778375443E+06 -0.496131260466519E+02 
_PQload ATR_PICHIRRO/Load_b PICHIRRO220b
1 +0.500000000000000E+02
+0.000000000000000E+00 +0.000000000000000E+00 +0.166218974563851E+03 +0.179853531070464E+03 +0.179906778375683E+06 -0.169613126046706E+03 
_PQload ATR_PICHIRRO/Load_c PICHIRRO220c
1 +0.500000000000000E+02
+0.000000000000000E+00 +0.000000000000000E+00 +0.166218974564140E+03 +0.598535310704249E+02 +0.179906778375371E+06 +0.703868739532556E+02 
_PQload ATR_VALDIV_220/Load_a VALDIVIA220a
1 +0.500000000000000E+02
+0.000000000000000E+00 +0.000000000000000E+00 +0.147854781896152E+03 -0.593980065644733E+02 +0.180323219983830E+06 -0.487202660978909E+02 
_PQload ATR_VALDIV_220/Load_b VALDIVIA220b
1 +0.500000000000000E+02
+0.000000000000000E+00 +0.000000000000000E+00 +0.147854781895987E+03 -0.179398006564518E+03 +0.180323219984032E+06 -0.168720266097935E+03 
_PQload ATR_VALDIV_220/Load_c VALDIVIA220c
1 +0.500000000000000E+02
+0.000000000000000E+00 +0.000000000000000E+00 +0.147854781896212E+03 +0.606019934354490E+02 +0.180323219983758E+06 +0.712797339020314E+02 
_PQload CHARRUA_154/Load_a CHARRUA220a
1 +0.500000000000000E+02
+0.000000000000000E+00 +0.000000000000000E+00 +0.587366430933851E+03 -0.568124760682082E+02 +0.189711056931497E+06 -0.348729357067669E+02 
_PQload CHARRUA_154/Load_b CHARRUA220b
1 +0.500000000000000E+02
+0.000000000000000E+00 +0.000000000000000E+00 +0.587366430933851E+03 -0.176812476068208E+03 +0.189711056931497E+06 -0.154872935706767E+03 
_PQload CHARRUA_154/Load_c CHARRUA220c
1 +0.500000000000000E+02
+0.000000000000000E+00 +0.000000000000000E+00 +0.587366430933851E+03 +0.631875239317918E+02 +0.189711056931497E+06 +0.851270642932331E+02 
_PQload CLAJA_220/Load_a MDOLO220a
1 +0.500000000000000E+02
+0.000000000000000E+00 +0.000000000000000E+00 +0.471492902316051E+02 +0.106246389706020E+01 +0.188398061521830E+06 -0.361600451773704E+02 
_PQload CLAJA_220/Load_b MDOLO220b
1 +0.500000000000000E+02
+0.000000000000000E+00 +0.000000000000000E+00 +0.471492902316009E+02 -0.118937536102935E+03 +0.188398061521847E+06 -0.156160045177365E+03 
_PQload CLAJA_220/Load_c MDOLO220c
1 +0.500000000000000E+02
+0.000000000000000E+00 +0.000000000000000E+00 +0.471492902316062E+02 +0.121062463897067E+03 +0.188398061521826E+06 +0.838399548226364E+02 
_PQload CONCEPCION_220/Load_a CONCEPCION220a
1 +0.500000000000000E+02
+0.000000000000000E+00 +0.000000000000000E+00 +0.485136020906246E+03 -0.539795922243143E+02 +0.183028449019064E+06 -0.385660106868102E+02 
_PQload CONCEPCION_220/Load_b CONCEPCION220b
1 +0.500000000000000E+02
+0.000000000000000E+00 +0.000000000000000E+00 +0.485136020906246E+03 -0.173979592224314E+03 +0.183028449019064E+06 -0.158566010686810E+03 
_PQload CONCEPCION_220/Load_c CONCEPCION220c
1 +0.500000000000000E+02
+0.000000000000000E+00 +0.000000000000000E+00 +0.485136020906246E+03 +0.660204077756857E+02 +0.183028449019064E+06 +0.814339893131898E+02 
_PQload FCR_154/Load_a LAGUNILLAS220a
1 +0.500000000000000E+02
+0.000000000000000E+00 +0.000000000000000E+00 +0.360524949690090E+03 -0.667942422778683E+02 +0.187608121185869E+06 -0.399463261107367E+02 
_PQload FCR_154/Load_b LAGUNILLAS220b
1 +0.500000000000000E+02
+0.000000000000000E+00 +0.000000000000000E+00 +0.360524949690090E+03 +0.173205757722132E+03 +0.187608121185869E+06 -0.159946326110737E+03 
_PQload FCR_154/Load_c LAGUNILLAS220c
1 +0.500000000000000E+02
+0.000000000000000E+00 +0.000000000000000E+00 +0.360524949690090E+03 +0.532057577221317E+02 +0.187608121185869E+06 +0.800536738892633E+02 
_PQload INFOR_220/Load_a INFORSA220a
1 +0.500000000000000E+02
+0.000000000000000E+00 +0.000000000000000E+00 +0.674331651688403E+02 -0.591134846516216E+02 +0.186558649612467E+06 -0.373064369831803E+02 
_PQload INFOR_220/Load_b INFORSA220b
1 +0.500000000000000E+02
+0.000000000000000E+00 +0.000000000000000E+00 +0.674331651688283E+02 -0.179113484651611E+03 +0.186558649612500E+06 -0.157306436983170E+03 
_PQload INFOR_220/Load_c INFORSA220c
1 +0.500000000000000E+02
+0.000000000000000E+00 +0.000000000000000E+00 +0.674331651688440E+02 +0.608865153483923E+02 +0.186558649612456E+06 +0.826935630168335E+02 
_PQload L_LLANQUI/Load_a TLLANQUIHUE220a
1 +0.500000000000000E+02
+0.000000000000000E+00 +0.000000000000000E+00 +0.122532547093766E+03 -0.649016406183158E+02 +0.179200879767583E+06 -0.512029240231880E+02 
_PQload L_LLANQUI/Load_b TLLANQUIHUE220b
1 +0.500000000000000E+02
+0.000000000000000E+00 +0.000000000000000E+00 +0.122532547093197E+03 +0.175098359381515E+03 +0.179200879768416E+06 -0.171202924023357E+03 
_PQload L_LLANQUI/Load_c TLLANQUIHUE220c
1 +0.500000000000000E+02
+0.000000000000000E+00 +0.000000000000000E+00 +0.122532547093795E+03 +0.550983593813773E+02 +0.179200879767541E+06 +0.687970759765051E+02 
_PQload L_MAMPIL220/Load_a MAMPIL220a
1 +0.500000000000000E+02
+0.000000000000000E+00 +0.000000000000000E+00 +0.652711056248504E+01 -0.400943462260133E+02 +0.190864381454187E+06 -0.345668060743571E+02 
_PQload L_MAMPIL220/Load_b MAMPIL220b
1 +0.500000000000000E+02
+0.000000000000000E+00 +0.000000000000000E+00 +0.652711056248504E+01 -0.160094346226013E+03 +0.190864381454187E+06 -0.154566806074357E+03 
_PQload L_MAMPIL220/Load_c MAMPIL220c
1 +0.500000000000000E+02
+0.000000000000000E+00 +0.000000000000000E+00 +0.652711056248504E+01 +0.799056537739867E+02 +0.190864381454187E+06 +0.854331939256429E+02 
_PQload L_PTOMONTT/Load_a PMONTT220a
1 +0.500000000000000E+02
+0.000000000000000E+00 +0.000000000000000E+00 +0.895581379784107E+02 -0.524907329990849E+02 +0.178679709394810E+06 -0.515358917452079E+02 
_PQload L_PTOMONTT/Load_b PMONTT220b
1 +0.500000000000000E+02
+0.000000000000000E+00 +0.000000000000000E+00 +0.895581379772556E+02 -0.172490732999473E+03 +0.178679709397114E+06 -0.171535891745596E+03 
_PQload L_PTOMONTT/Load_c PMONTT220c
1 +0.500000000000000E+02
+0.000000000000000E+00 +0.000000000000000E+00 +0.895581379783476E+02 +0.675092670004282E+02 +0.178679709394936E+06 +0.684641082543051E+02 
_PQload L_RUCUE220/Load_a RUCUE220a
1 +0.500000000000000E+02
+0.000000000000000E+00 +0.000000000000000E+00 +0.461273915593982E+01 -0.465431420796253E+02 +0.190480162817820E+06 -0.347216537390181E+02 
_PQload L_RUCUE220/Load_b RUCUE220b
1 +0.500000000000000E+02
+0.000000000000000E+00 +0.000000000000000E+00 +0.461273915593982E+01 -0.166543142079625E+03 +0.190480162817820E+06 -0.154721653739018E+03 
_PQload L_RUCUE220/Load_c RUCUE220c
1 +0.500000000000000E+02
+0.000000000000000E+00 +0.000000000000000E+00 +0.461273915593982E+01 +0.734568579203746E+02 +0.190480162817820E+06 +0.852783462609819E+02 
_PQload Load2/Load_a GAMBOA220a
1 +0.500000000000000E+02
+0.000000000000000E+00 +0.000000000000000E+00 +0.123425600511161E+03 -0.628629445797726E+02 +0.179844677248930E+06 -0.527612628665058E+02 
_PQload Load2/Load_b GAMBOA220b
1 +0.500000000000000E+02
+0.000000000000000E+00 +0.000000000000000E+00 +0.123425600510578E+03 +0.177137055420088E+03 +0.179844677249779E+06 -0.172761262866646E+03 
_PQload Load2/Load_c GAMBOA220c
1 +0.500000000000000E+02
+0.000000000000000E+00 +0.000000000000000E+00 +0.123425600511184E+03 +0.571370554199497E+02 +0.179844677248896E+06 +0.672387371332166E+02 
_PQload MAULE_220/Load_a SE_MAULE220a
1 +0.500000000000000E+02
+0.000000000000000E+00 +0.000000000000000E+00 +0.343079081475218E+03 -0.513772960607627E+02 +0.185959702726402E+06 -0.368531441233436E+02 
_PQload MAULE_220/Load_b SE_MAULE220b
1 +0.500000000000000E+02
+0.000000000000000E+00 +0.000000000000000E+00 +0.343079081475218E+03 -0.171377296060763E+03 +0.185959702726402E+06 -0.156853144123344E+03 
_PQload MAULE_220/Load_c SE_MAULE220c
1 +0.500000000000000E+02
+0.000000000000000E+00 +0.000000000000000E+00 +0.343079081475218E+03 +0.686227039392373E+02 +0.185959702726402E+06 +0.831468558766564E+02 
_PQload MELI_220_66/Load_a PMONTT220a
1 +0.500000000000000E+02
+0.000000000000000E+00 +0.000000000000000E+00 +0.148794902228650E+03 -0.691984620992993E+02 +0.178679709394810E+06 -0.515358917452079E+02 
_PQload MELI_220_66/Load_b PMONTT220b
1 +0.500000000000000E+02
+0.000000000000000E+00 +0.000000000000000E+00 +0.148794902226731E+03 +0.170801537900313E+03 +0.178679709397114E+06 -0.171535891745596E+03 
_PQload MELI_220_66/Load_c PMONTT220c
1 +0.500000000000000E+02
+0.000000000000000E+00 +0.000000000000000E+00 +0.148794902228545E+03 +0.508015379002138E+02 +0.178679709394936E+06 +0.684641082543051E+02 
_PQload MINERO_220/Load_a MINERO220a
1 +0.500000000000000E+02
+0.000000000000000E+00 +0.000000000000000E+00 +0.622061868804471E+03 -0.526108505625675E+02 +0.186232563538510E+06 -0.394382971392406E+02 
_PQload MINERO_220/Load_b MINERO220b
1 +0.500000000000000E+02
+0.000000000000000E+00 +0.000000000000000E+00 +0.622061868804473E+03 -0.172610850562567E+03 +0.186232563538509E+06 -0.159438297139240E+03 
_PQload MINERO_220/Load_c MINERO220c
1 +0.500000000000000E+02
+0.000000000000000E+00 +0.000000000000000E+00 +0.622061868804475E+03 +0.673891494374324E+02 +0.186232563538509E+06 +0.805617028607593E+02 
_PQload PICOLTUE_220/Load_a MULCHEN220a
1 +0.500000000000000E+02
+0.000000000000000E+00 +0.000000000000000E+00 +0.406523553003933E+02 -0.882059452209501E+02 +0.190169019716034E+06 -0.331979654194278E+02 
_PQload PICOLTUE_220/Load_b MULCHEN220b
1 +0.500000000000000E+02
+0.000000000000000E+00 +0.000000000000000E+00 +0.406523553003933E+02 +0.151794054779050E+03 +0.190169019716034E+06 -0.153197965419428E+03 
_PQload PICOLTUE_220/Load_c MULCHEN220c
1 +0.500000000000000E+02
+0.000000000000000E+00 +0.000000000000000E+00 +0.406523553003933E+02 +0.317940547790499E+02 +0.190169019716034E+06 +0.868020345805722E+02 
_PQload PILAUCO_220/Load_a RAHUE220a
1 +0.500000000000000E+02
+0.000000000000000E+00 +0.000000000000000E+00 +0.212175290985167E+03 -0.539255247522108E+02 +0.180042830266416E+06 -0.505238340586775E+02 
_PQload PILAUCO_220/Load_b RAHUE220b
1 +0.500000000000000E+02
+0.000000000000000E+00 +0.000000000000000E+00 +0.212175290984902E+03 -0.173925524752256E+03 +0.180042830266640E+06 -0.170523834058723E+03 
_PQload PILAUCO_220/Load_c RAHUE220c
1 +0.500000000000000E+02
+0.000000000000000E+00 +0.000000000000000E+00 +0.212175290985236E+03 +0.660744752477051E+02 +0.180042830266356E+06 +0.694761659412384E+02 
_PQload TINGUIRI_220/Load_a PNEGRO220a
1 +0.500000000000000E+02
+0.000000000000000E+00 +0.000000000000000E+00 +0.771996263993017E+03 -0.579030955563430E+02 +0.186055531638208E+06 -0.361579823064050E+02 
_PQload TINGUIRI_220/Load_b PNEGRO220b
1 +0.500000000000000E+02
+0.000000000000000E+00 +0.000000000000000E+00 +0.771996263993017E+03 -0.177903095556343E+03 +0.186055531638208E+06 -0.156157982306405E+03 
_PQload TINGUIRI_220/Load_c PNEGRO220c
1 +0.500000000000000E+02
+0.000000000000000E+00 +0.000000000000000E+00 +0.771996263993017E+03 +0.620969044436570E+02 +0.186055531638208E+06 +0.838420176935950E+02 
_PQload TR_CHILOE_110/Load_a CHILOE110a
1 +0.500000000000000E+02
+0.000000000000000E+00 +0.000000000000000E+00 +0.255053831308602E+03 -0.596635745360849E+02 +0.896320064815393E+05 -0.546446205899118E+02 
_PQload TR_CHILOE_110/Load_b CHILOE110b
1 +0.500000000000000E+02
+0.000000000000000E+00 +0.000000000000000E+00 +0.255053831307410E+03 -0.179663574536215E+03 +0.896320064819583E+05 -0.174644620590042E+03 
_PQload TR_CHILOE_110/Load_c CHILOE110c
1 +0.500000000000000E+02
+0.000000000000000E+00 +0.000000000000000E+00 +0.255053831308628E+03 +0.603364254636296E+02 +0.896320064815302E+05 +0.653553794098027E+02 
_PQload TR_COLBUN_N1/Load_a COLBUN220a
1 +0.500000000000000E+02
+0.000000000000000E+00 +0.000000000000000E+00 +0.368167376491627E+03 -0.536241966856849E+02 +0.187820264620628E+06 -0.349097584372945E+02 
_PQload TR_COLBUN_N1/Load_b COLBUN220b
1 +0.500000000000000E+02
+0.000000000000000E+00 +0.000000000000000E+00 +0.368167376491627E+03 -0.173624196685685E+03 +0.187820264620628E+06 -0.154909758437294E+03 
_PQload TR_COLBUN_N1/Load_c COLBUN220c
1 +0.500000000000000E+02
+0.000000000000000E+00 +0.000000000000000E+00 +0.368167376491627E+03 +0.663758033143151E+02 +0.187820264620628E+06 +0.850902415627055E+02 
_PQload TR_CPACIFICO/Load_a PACIFICO220a
1 +0.500000000000000E+02
+0.000000000000000E+00 +0.000000000000000E+00 +0.732336802430300E+02 -0.655247875121882E+02 +0.185937934146212E+06 -0.376173082689469E+02 
_PQload TR_CPACIFICO/Load_b PACIFICO220b
1 +0.500000000000000E+02
+0.000000000000000E+00 +0.000000000000000E+00 +0.732336802430168E+02 +0.174475212487823E+03 +0.185937934146246E+06 -0.157617308268936E+03 
_PQload TR_CPACIFICO/Load_c PACIFICO220c
1 +0.500000000000000E+02
+0.000000000000000E+00 +0.000000000000000E+00 +0.732336802430341E+02 +0.544752124878256E+02 +0.185937934146202E+06 +0.823826917310669E+02 
_PQload TR_DICHATO/Load_a DICHATO220a
1 +0.500000000000000E+02
+0.000000000000000E+00 +0.000000000000000E+00 +0.131841209683088E+03 -0.492133264573684E+02 +0.189094706725799E+06 -0.392346357973562E+02 
_PQload TR_DICHATO/Load_b DICHATO220b
1 +0.500000000000000E+02
+0.000000000000000E+00 +0.000000000000000E+00 +0.131841209683088E+03 -0.169213326457368E+03 +0.189094706725799E+06 -0.159234635797356E+03 
_PQload TR_DICHATO/Load_c DICHATO220c
1 +0.500000000000000E+02
+0.000000000000000E+00 +0.000000000000000E+00 +0.131841209683088E+03 +0.707866735426316E+02 +0.189094706725799E+06 +0.807653642026438E+02 
_PQload TR_DUQUE_N1/Load_a DUQUECO66a
1 +0.500000000000000E+02
+0.000000000000000E+00 +0.000000000000000E+00 +0.203578830328190E+03 -0.365384025001787E+02 +0.529514784124897E+05 -0.345536993876685E+02 
_PQload TR_DUQUE_N1/Load_b DUQUECO66b
1 +0.500000000000000E+02
+0.000000000000000E+00 +0.000000000000000E+00 +0.203578830328190E+03 -0.156538402500179E+03 +0.529514784124897E+05 -0.154553699387669E+03 
_PQload TR_DUQUE_N1/Load_c DUQUECO66c
1 +0.500000000000000E+02
+0.000000000000000E+00 +0.000000000000000E+00 +0.203578830328190E+03 +0.834615974998213E+02 +0.529514784124897E+05 +0.854463006123315E+02 
_PQload TR_HUALP_N1/Load_a HUALP220a
1 +0.500000000000000E+02
+0.000000000000000E+00 +0.000000000000000E+00 +0.313300283834744E+03 -0.234993529582124E+02 +0.188111922822493E+06 -0.396833389351750E+02 
_PQload TR_HUALP_N1/Load_b HUALP220b
1 +0.500000000000000E+02
+0.000000000000000E+00 +0.000000000000000E+00 +0.313300283834744E+03 -0.143499352958212E+03 +0.188111922822493E+06 -0.159683338935175E+03 
_PQload TR_HUALP_N1/Load_c HUALP220c
1 +0.500000000000000E+02
+0.000000000000000E+00 +0.000000000000000E+00 +0.313300283834744E+03 +0.965006470417875E+02 +0.188111922822493E+06 +0.803166610648249E+02 
_PQload TR_HUALQUI_220/Load_a HUALQUI220a
1 +0.500000000000000E+02
+0.000000000000000E+00 +0.000000000000000E+00 +0.117383474607613E+03 -0.477767927334003E+02 +0.188591270431825E+06 -0.390293186358552E+02 
_PQload TR_HUALQUI_220/Load_b HUALQUI220b
1 +0.500000000000000E+02
+0.000000000000000E+00 +0.000000000000000E+00 +0.117383474607613E+03 -0.167776792733400E+03 +0.188591270431824E+06 -0.159029318635855E+03 
_PQload TR_HUALQUI_220/Load_c HUALQUI220c
1 +0.500000000000000E+02
+0.000000000000000E+00 +0.000000000000000E+00 +0.117383474607613E+03 +0.722232072665997E+02 +0.188591270431824E+06 +0.809706813641448E+02 
_PQload TR_ITAHUE_N1/Load_a ITAHUE220a
1 +0.500000000000000E+02
+0.000000000000000E+00 +0.000000000000000E+00 +0.260215253339474E+03 -0.587645210290945E+02 +0.187692998020006E+06 -0.374075149097721E+02 
_PQload TR_ITAHUE_N1/Load_b ITAHUE220b
1 +0.500000000000000E+02
+0.000000000000000E+00 +0.000000000000000E+00 +0.260215253339474E+03 -0.178764521029094E+03 +0.187692998020006E+06 -0.157407514909772E+03 
_PQload TR_ITAHUE_N1/Load_c ITAHUE220c
1 +0.500000000000000E+02
+0.000000000000000E+00 +0.000000000000000E+00 +0.260215253339474E+03 +0.612354789709055E+02 +0.187692998020006E+06 +0.825924850902279E+02 
_PQload TR_LGUINDOS/Load_a LGUINDOS220a
1 +0.500000000000000E+02
+0.000000000000000E+00 +0.000000000000000E+00 +0.148314985623712E+03 -0.578585476948911E+02 +0.187733888291301E+06 -0.398964616053517E+02 
_PQload TR_LGUINDOS/Load_b LGUINDOS220b
1 +0.500000000000000E+02
+0.000000000000000E+00 +0.000000000000000E+00 +0.148314985623712E+03 -0.177858547694891E+03 +0.187733888291301E+06 -0.159896461605352E+03 
_PQload TR_LGUINDOS/Load_c LGUINDOS220c
1 +0.500000000000000E+02
+0.000000000000000E+00 +0.000000000000000E+00 +0.148314985623712E+03 +0.621414523051088E+02 +0.187733888291301E+06 +0.801035383946483E+02 
_PQload TR_LPEU_N1/Load_a LPEUMOS220a
1 +0.500000000000000E+02
+0.000000000000000E+00 +0.000000000000000E+00 +0.126829451044112E+03 -0.624541237027608E+02 +0.185671210385671E+06 -0.391043123817184E+02 
_PQload TR_LPEU_N1/Load_b LPEUMOS220b
1 +0.500000000000000E+02
+0.000000000000000E+00 +0.000000000000000E+00 +0.126829451044112E+03 +0.177545876297239E+03 +0.185671210385671E+06 -0.159104312381718E+03 
_PQload TR_LPEU_N1/Load_c LPEUMOS220c
1 +0.500000000000000E+02
+0.000000000000000E+00 +0.000000000000000E+00 +0.126829451044112E+03 +0.575458762972392E+02 +0.185671210385671E+06 +0.808956876182816E+02 
_PQload TR_MAPA/Load_a MAPA220a
1 +0.500000000000000E+02
+0.000000000000000E+00 +0.000000000000000E+00 +0.135154765255579E+03 -0.105057275897325E+02 +0.188011010324052E+06 -0.402319639941966E+02 
_PQload TR_MAPA/Load_b MAPA220b
1 +0.500000000000000E+02
+0.000000000000000E+00 +0.000000000000000E+00 +0.135154765255579E+03 -0.130505727589733E+03 +0.188011010324051E+06 -0.160231963994197E+03 
_PQload TR_MAPA/Load_c MAPA220c
1 +0.500000000000000E+02
+0.000000000000000E+00 +0.000000000000000E+00 +0.135154765255579E+03 +0.109494272410267E+03 +0.188011010324051E+06 +0.797680360058034E+02 
_PQload TR_MARIQUINA/Load_a CIRUELOS220a
1 +0.500000000000000E+02
+0.000000000000000E+00 +0.000000000000000E+00 +0.579289035805752E+02 -0.597689355826711E+02 +0.180826218417003E+06 -0.476079612501992E+02 
_PQload TR_MARIQUINA/Load_b CIRUELOS220b
1 +0.500000000000000E+02
+0.000000000000000E+00 +0.000000000000000E+00 +0.579289035805191E+02 -0.179768935582712E+03 +0.180826218417178E+06 -0.167607961250240E+03 
_PQload TR_MARIQUINA/Load_c CIRUELOS220c
1 +0.500000000000000E+02
+0.000000000000000E+00 +0.000000000000000E+00 +0.579289035805966E+02 +0.602310644172616E+02 +0.180826218416936E+06 +0.723920387497335E+02 
_PQload TR_MATAQ_220/Load_a MATAQUITO220a
1 +0.500000000000000E+02
+0.000000000000000E+00 +0.000000000000000E+00 +0.604003880181193E+02 -0.312476262628512E+02 +0.188641016884109E+06 -0.380690970947177E+02 
_PQload TR_MATAQ_220/Load_b MATAQUITO220b
1 +0.500000000000000E+02
+0.000000000000000E+00 +0.000000000000000E+00 +0.604003880181193E+02 -0.151247626262851E+03 +0.188641016884109E+06 -0.158069097094718E+03 
_PQload TR_MATAQ_220/Load_c MATAQUITO220c
1 +0.500000000000000E+02
+0.000000000000000E+00 +0.000000000000000E+00 +0.604003880181193E+02 +0.887523737371488E+02 +0.188641016884109E+06 +0.819309029052823E+02 
_PQload TR_MELIPULLI110/Load_a MELIPU220a
1 +0.500000000000000E+02
+0.000000000000000E+00 +0.000000000000000E+00 +0.233415124566996E+03 -0.576839284244881E+02 +0.178679684951473E+06 -0.515359018557867E+02 
_PQload TR_MELIPULLI110/Load_b MELIPU220b
1 +0.500000000000000E+02
+0.000000000000000E+00 +0.000000000000000E+00 +0.233415124563986E+03 -0.177683928424876E+03 +0.178679684953778E+06 -0.171535901856174E+03 
_PQload TR_MELIPULLI110/Load_c MELIPU220c
1 +0.500000000000000E+02
+0.000000000000000E+00 +0.000000000000000E+00 +0.233415124566832E+03 +0.623160715750250E+02 +0.178679684951599E+06 +0.684640981437264E+02 
_PQload TR_NIRIVI/Load_a NNIRIVI220a
1 +0.500000000000000E+02
+0.000000000000000E+00 +0.000000000000000E+00 +0.113728084437832E+03 -0.616875097521765E+02 +0.189143904514690E+06 -0.388176791070877E+02 
_PQload TR_NIRIVI/Load_b NNIRIVI220b
1 +0.500000000000000E+02
+0.000000000000000E+00 +0.000000000000000E+00 +0.113728084437832E+03 +0.178312490247824E+03 +0.189143904514690E+06 -0.158817679107088E+03 
_PQload TR_NIRIVI/Load_c NNIRIVI220c
1 +0.500000000000000E+02
+0.000000000000000E+00 +0.000000000000000E+00 +0.113728084437832E+03 +0.583124902478236E+02 +0.189143904514690E+06 +0.811823208929123E+02 
_PQload TR_NVACAUQUE/Load_a NVACAUQUE220a
1 +0.500000000000000E+02
+0.000000000000000E+00 +0.000000000000000E+00 +0.131306188357926E+03 -0.693347787158677E+02 +0.189252046762377E+06 -0.391170668710538E+02 
_PQload TR_NVACAUQUE/Load_b NVACAUQUE220b
1 +0.500000000000000E+02
+0.000000000000000E+00 +0.000000000000000E+00 +0.131306188357926E+03 +0.170665221284132E+03 +0.189252046762377E+06 -0.159117066871054E+03 
_PQload TR_NVACAUQUE/Load_c NVACAUQUE220c
1 +0.500000000000000E+02
+0.000000000000000E+00 +0.000000000000000E+00 +0.131306188357926E+03 +0.506652212841323E+02 +0.189252046762377E+06 +0.808829331289462E+02 
_PQload TR_NVA_VALD/Load_a NVA_VALD220a
1 +0.500000000000000E+02
+0.000000000000000E+00 +0.000000000000000E+00 +0.672258266916962E+02 -0.717813240324245E+02 +0.180120095034016E+06 -0.491129280274960E+02 
_PQload TR_NVA_VALD/Load_b NVA_VALD220b
1 +0.500000000000000E+02
+0.000000000000000E+00 +0.000000000000000E+00 +0.672258266916155E+02 +0.168218675967528E+03 +0.180120095034232E+06 -0.169112928027544E+03 
_PQload TR_NVA_VALD/Load_c NVA_VALD220c
1 +0.500000000000000E+02
+0.000000000000000E+00 +0.000000000000000E+00 +0.672258266917237E+02 +0.482186759674923E+02 +0.180120095033943E+06 +0.708870719724207E+02 
_PQload TR_PARGUA_220/Load_a PARGUA220a
1 +0.500000000000000E+02
+0.000000000000000E+00 +0.000000000000000E+00 +0.660667433546836E+02 -0.839023275857021E+02 +0.179483069695533E+06 -0.519993801078909E+02 
_PQload TR_PARGUA_220/Load_b PARGUA220b
1 +0.500000000000000E+02
+0.000000000000000E+00 +0.000000000000000E+00 +0.660667433541957E+02 +0.156097672414080E+03 +0.179483069696858E+06 -0.171999380108109E+03 
_PQload TR_PARGUA_220/Load_c PARGUA220c
1 +0.500000000000000E+02
+0.000000000000000E+00 +0.000000000000000E+00 +0.660667433546697E+02 +0.360976724139645E+02 +0.179483069695571E+06 +0.680006198917756E+02 
_PQload TR_STAFE_220/Load_a STA_FE_220a
1 +0.500000000000000E+02
+0.000000000000000E+00 +0.000000000000000E+00 +0.159410355355337E+03 -0.521553835445861E+02 +0.186555080089554E+06 -0.373088544564518E+02 
_PQload TR_STAFE_220/Load_b STA_FE_220b
1 +0.500000000000000E+02
+0.000000000000000E+00 +0.000000000000000E+00 +0.159410355355308E+03 -0.172155383544575E+03 +0.186555080089588E+06 -0.157308854456441E+03 
_PQload TR_STAFE_220/Load_c STA_FE_220c
1 +0.500000000000000E+02
+0.000000000000000E+00 +0.000000000000000E+00 +0.159410355355345E+03 +0.678446164554277E+02 +0.186555080089544E+06 +0.826911455435620E+02 
_PQload TR_TEMUCO66/Load_a TEMUCO220a
1 +0.500000000000000E+02
+0.000000000000000E+00 +0.000000000000000E+00 +0.344981685101795E+03 -0.574580566795514E+02 +0.184736288988984E+06 -0.400750709470811E+02 
_PQload TR_TEMUCO66/Load_b TEMUCO220b
1 +0.500000000000000E+02
+0.000000000000000E+00 +0.000000000000000E+00 +0.344981685101795E+03 -0.177458056679551E+03 +0.184736288988984E+06 -0.160075070947081E+03 
_PQload TR_TEMUCO66/Load_c TEMUCO220c
1 +0.500000000000000E+02
+0.000000000000000E+00 +0.000000000000000E+00 +0.344981685101795E+03 +0.625419433204486E+02 +0.184736288988984E+06 +0.799249290529190E+02 
_PQload TR_TUNICHE_N1/Load_a TUNICHE220a
1 +0.500000000000000E+02
+0.000000000000000E+00 +0.000000000000000E+00 +0.205809229389793E+03 -0.383907958912448E+02 +0.186882192509021E+06 -0.389866743496748E+02 
_PQload TR_TUNICHE_N1/Load_b TUNICHE220b
1 +0.500000000000000E+02
+0.000000000000000E+00 +0.000000000000000E+00 +0.205809229389793E+03 -0.158390795891245E+03 +0.186882192509021E+06 -0.158986674349675E+03 
_PQload TR_TUNICHE_N1/Load_c TUNICHE220c
1 +0.500000000000000E+02
+0.000000000000000E+00 +0.000000000000000E+00 +0.205809229389793E+03 +0.816092041087552E+02 +0.186882192509021E+06 +0.810133256503252E+02 
_PQload TR_VARONES/Load_a LVARONES220a
1 +0.500000000000000E+02
+0.000000000000000E+00 +0.000000000000000E+00 +0.133531837135070E+03 -0.465658891830780E+02 +0.188604465897977E+06 -0.361959277357986E+02 
_PQload TR_VARONES/Load_b LVARONES220b
1 +0.500000000000000E+02
+0.000000000000000E+00 +0.000000000000000E+00 +0.133531837135071E+03 -0.166565889183078E+03 +0.188604465897977E+06 -0.156195927735799E+03 
_PQload TR_VARONES/Load_c LVARONES220c
1 +0.500000000000000E+02
+0.000000000000000E+00 +0.000000000000000E+00 +0.133531837135071E+03 +0.734341108169220E+02 +0.188604465897977E+06 +0.838040722642015E+02 
_PQload l_CUNCO110/Load_a CUNCO110a
1 +0.500000000000000E+02
+0.000000000000000E+00 +0.000000000000000E+00 +0.200379097985404E+02 +0.475364009642977E+02 +0.931567556480353E+05 -0.424635990357023E+02 
_PQload l_CUNCO110/Load_b CUNCO110b
1 +0.500000000000000E+02
+0.000000000000000E+00 +0.000000000000000E+00 +0.200379097985329E+02 -0.724635990357183E+02 +0.931567556480700E+05 -0.162463599035718E+03 
_PQload l_CUNCO110/Load_c CUNCO110c
1 +0.500000000000000E+02
+0.000000000000000E+00 +0.000000000000000E+00 +0.200379097985404E+02 +0.167536400964280E+03 +0.931567556480354E+05 +0.775364009642795E+02 
