_Slack Central_Ralco/Ralco_U1/LF_RALC_U1 Central_Ralco/Ralco_U1/s13
3 +0.500000000000000E+02
+0.131873734210940E+05 +0.203518668274608E+02 +0.739873714107487E+04 -0.106686456698550E+02 +0.114930058731386E+05 +0.131152553589292E-12 
+0.131873734210940E+05 -0.996481331725392E+02 +0.739873714107438E+04 -0.130668645669846E+03 +0.114930058731388E+05 -0.120000000000000E+03 
+0.131873734210940E+05 +0.140351866827461E+03 +0.739873714107564E+04 +0.109331354330153E+03 +0.114930058731387E+05 +0.120000000000000E+03 
_PVbus C_ANGOSTURA/Angostura_U1/LF2 C_ANGOSTURA/Angostura_U1/s8
3 +0.500000000000000E+02
+0.118771188579288E+05 +0.237142996469224E+02 +0.439431602831637E+04 +0.466379857707198E+01 +0.112676528168026E+05 -0.227203146837960E+00 
+0.118771188579288E+05 -0.962857003530776E+02 +0.439431602831637E+04 -0.115336201422926E+03 +0.112676528168026E+05 -0.120227203146838E+03 
+0.118771188579288E+05 +0.143714299646922E+03 +0.439431602831650E+04 +0.124663798577073E+03 +0.112676528168026E+05 +0.119772796853162E+03 
_PVbus Central_Canutillar/Canutillar_U1/LF_CANU_U1 Central_Canutillar/Canutillar_U1/s13
3 +0.500000000000000E+02
+0.121180114882670E+05 -0.864266820173462E+01 +0.176244297596205E+04 -0.472753356565873E+02 +0.101850383821962E+05 -0.254739261685228E+02 
+0.121180114882670E+05 -0.128642668201735E+03 +0.176244297599278E+04 -0.167275335652928E+03 +0.101850383822413E+05 -0.145473926168719E+03 
+0.121180114882670E+05 +0.111357331798265E+03 +0.176244297607490E+04 +0.727246643443770E+02 +0.101850383821885E+05 +0.945260738311591E+02 
_PVbus Central_Canutillar/Canutillar_U2/LF_CANU_U2 Central_Canutillar/Canutillar_U2/s13
3 +0.500000000000000E+02
+0.121180114882670E+05 -0.864266820173462E+01 +0.176244297596205E+04 -0.472753356565873E+02 +0.101850383821962E+05 -0.254739261685228E+02 
+0.121180114882670E+05 -0.128642668201735E+03 +0.176244297599278E+04 -0.167275335652928E+03 +0.101850383822413E+05 -0.145473926168719E+03 
+0.121180114882670E+05 +0.111357331798265E+03 +0.176244297607490E+04 +0.727246643443770E+02 +0.101850383821885E+05 +0.945260738311591E+02 
_PVbus Central_Colbun/Colbun_U1/LF_COLB_U1 Central_Colbun/Colbun_U1/s13
3 +0.500000000000000E+02
+0.134873662951532E+05 +0.227466719659249E+02 +0.582443809660044E+04 -0.901507221008707E+01 +0.115942514491737E+05 -0.205487860570039E+00 
+0.134873662951532E+05 -0.972533280340751E+02 +0.582443809660043E+04 -0.129015072210087E+03 +0.115942514491737E+05 -0.120205487860570E+03 
+0.134873662951532E+05 +0.142746671965925E+03 +0.582443809660043E+04 +0.110984927789913E+03 +0.115942514491737E+05 +0.119794512139430E+03 
_PVbus Central_Colbun/Colbun_U2/LF_COLB_U2 Central_Colbun/Colbun_U2/s4
3 +0.500000000000000E+02
+0.134842169780215E+05 +0.227758388031897E+02 +0.582386577206423E+04 -0.895519640565666E+01 +0.115942514491737E+05 -0.182017865693364E+00 
+0.134842169780215E+05 -0.972241611968103E+02 +0.582386577206423E+04 -0.128955196405657E+03 +0.115942514491737E+05 -0.120182017865693E+03 
+0.134842169780215E+05 +0.142775838803190E+03 +0.582386577206422E+04 +0.111044803594343E+03 +0.115942514491737E+05 +0.119817982134307E+03 
_PVbus Central_LaConfluencia/LaConfluencia_U1/LF_LCONFLUE_U1 Central_LaConfluencia/LaConfluencia_U1/s3
3 +0.500000000000000E+02
+0.122864520251883E+05 +0.158120827332215E+02 +0.153241829537124E+04 +0.830646167023040E+01 +0.123290983720087E+05 -0.577665379883220E+00 
+0.122864520251883E+05 -0.104187917266778E+03 +0.153241829537124E+04 -0.111693538329770E+03 +0.123290983720087E+05 -0.120577665379883E+03 
+0.122864520251883E+05 +0.135812082733222E+03 +0.153241829537124E+04 +0.128306461670231E+03 +0.123290983720087E+05 +0.119422334620117E+03 
_PVbus Central_LaConfluencia/LaConfluencia_U2/LF_LCONFLUE_U2 Central_LaConfluencia/LaConfluencia_U2/s1
3 +0.500000000000000E+02
+0.105917353802979E+05 +0.183952965952825E+02 +0.183189535464470E+04 +0.342299833108480E+02 +0.124107480301014E+05 -0.580251059941574E+00 
+0.105917353802979E+05 -0.101604703404718E+03 +0.183189535464470E+04 -0.857700166891519E+02 +0.124107480301014E+05 -0.120580251059942E+03 
+0.105917353802979E+05 +0.138395296595282E+03 +0.183189535464470E+04 +0.154229983310848E+03 +0.124107480301014E+05 +0.119419748940058E+03 
_PVbus Central_LaHiguera/LaHiguera_U1/LF_LHIGUER_U1 Central_LaHiguera/LaHiguera_U1/s13
3 +0.500000000000000E+02
+0.123176784348446E+05 +0.198690827625187E+02 +0.228489983797319E+04 +0.130603924555490E+01 +0.116759011072665E+05 -0.383482988375313E+00 
+0.123176784348446E+05 -0.100130917237481E+03 +0.228489983797319E+04 -0.118693960754445E+03 +0.116759011072665E+05 -0.120383482988375E+03 
+0.123176784348446E+05 +0.139869082762519E+03 +0.228489983797319E+04 +0.121306039245555E+03 +0.116759011072665E+05 +0.119616517011625E+03 
_PVbus Central_LaHiguera/LaHuiguera_U2/LF_LHIGUER_U2 Central_LaHiguera/LaHuiguera_U2/s13
3 +0.500000000000000E+02
+0.123179558640771E+05 +0.198709464314449E+02 +0.228489517081321E+04 +0.130440871760095E+01 +0.116759011072665E+05 -0.381141120043049E+00 
+0.123179558640771E+05 -0.100129053568555E+03 +0.228489517081321E+04 -0.118695591282399E+03 +0.116759011072665E+05 -0.120381141120043E+03 
+0.123179558640771E+05 +0.139870946431445E+03 +0.228489517081321E+04 +0.121304408717601E+03 +0.116759011072665E+05 +0.119618858879957E+03 
_PVbus Central_LosHierros/Loma_LHierros/Loma_Alta_LHierros Central_LosHierros/Loma_LHierros/s13
3 +0.500000000000000E+02
+0.119985019529773E+05 +0.880603430246053E+01 +0.509477339021533E+03 -0.210574616205588E+01 +0.117795961730443E+05 -0.851755401478484E+00 
+0.119985019529773E+05 -0.111193965697539E+03 +0.509477339021551E+03 -0.122105746162057E+03 +0.117795961730443E+05 -0.120851755401479E+03 
+0.119985019529773E+05 +0.128806034302461E+03 +0.509477339021533E+03 +0.117894253837942E+03 +0.117795961730443E+05 +0.119148244598522E+03 
_PVbus Central_Pangue/Pangue_U1/LF_PANG_U1 Central_Pangue/Pangue_U1/s13
3 +0.500000000000000E+02
+0.123474820677310E+05 +0.153756355710637E+02 +0.502324116670558E+04 -0.152490463355245E+02 +0.110227038425243E+05 +0.338207161122104E+00 
+0.123474820677310E+05 -0.104624364428936E+03 +0.502324116670551E+04 -0.135249046335522E+03 +0.110227038425243E+05 -0.119661792838878E+03 
+0.123474820677310E+05 +0.135375635571064E+03 +0.502324116670570E+04 +0.104750953664477E+03 +0.110227038425243E+05 +0.120338207161122E+03 
_PVbus Central_Peuchen/Peuchen_U1/LF_PEUCH_U1 Central_Peuchen/Peuchen_U1/s13
3 +0.500000000000000E+02
+0.141059343114091E+05 +0.152072029938677E+02 +0.115659227576333E+04 -0.267057121242925E+02 +0.115126017910809E+05 -0.224220150016955E+01 
+0.141059343114091E+05 -0.104792797006132E+03 +0.115659227576333E+04 -0.146705712124293E+03 +0.115126017910809E+05 -0.122242201500170E+03 
+0.141059343114091E+05 +0.135207202993868E+03 +0.115659227576333E+04 +0.932942878757076E+02 +0.115126017910809E+05 +0.117757798499830E+03 
_PVbus Central_Antuco/Antuco_U2/LF_ANTU_U2 Central_Antuco/Antuco_U2/s13
3 +0.500000000000000E+02
+0.130788905373649E+05 +0.266797035600626E+02 +0.505712589792938E+04 -0.869978750829235E+01 +0.107777548682460E+05 +0.739999067918629E-01 
+0.130788905373649E+05 -0.933202964399374E+02 +0.505712589792936E+04 -0.128699787508292E+03 +0.107777548682460E+05 -0.119926000093208E+03 
+0.130788905373649E+05 +0.146679703560063E+03 +0.505712589792941E+04 +0.111300212491708E+03 +0.107777548682460E+05 +0.120073999906792E+03 
_PVbus Central_Machicura/Machicura_U1/LF_MACHI_U1 Central_Machicura/Machicura_U1/s2
3 +0.500000000000000E+02
+0.116372811731678E+05 +0.187792037193559E+02 +0.109276704905824E+04 +0.614874481839490E+01 +0.114309521329882E+05 -0.785423239403198E+00 
+0.116372811731678E+05 -0.101220796280644E+03 +0.109276704905824E+04 -0.113851255181605E+03 +0.114309521329882E+05 -0.120785423239403E+03 
+0.116372811731678E+05 +0.138779203719356E+03 +0.109276704905824E+04 +0.126148744818395E+03 +0.114309521329882E+05 +0.119214576760597E+03 
_PVbus Central_Machicura/Machicura_U2/LF_MACHI_U2 Central_Machicura/Machicura_U2/s1
3 +0.500000000000000E+02
+0.116421974094729E+05 +0.187904097480001E+02 +0.109259248865765E+04 +0.609292793284256E+01 +0.114309521329882E+05 -0.765561069739953E+00 
+0.116421974094729E+05 -0.101209590252000E+03 +0.109259248865765E+04 -0.113907072067158E+03 +0.114309521329882E+05 -0.120765561069740E+03 
+0.116421974094729E+05 +0.138790409748000E+03 +0.109259248865765E+04 +0.126092927932843E+03 +0.114309521329882E+05 +0.119234438930260E+03 
_PVbus Central_Pehuenche/Pehuenche_U1/Pehuenche_U1_lf Central_Pehuenche/Pehuenche_U1/s4
3 +0.500000000000000E+02
+0.122938413634573E+05 +0.227551760145758E+02 +0.745942460176623E+04 -0.899429476854317E+00 +0.112676528168026E+05 +0.108105013538583E+01 
+0.122938413634573E+05 -0.972448239854242E+02 +0.745942460176633E+04 -0.120899429476855E+03 +0.112676528168026E+05 -0.118918949864614E+03 
+0.122938413634573E+05 +0.142755176014576E+03 +0.745942460176621E+04 +0.119100570523145E+03 +0.112676528168026E+05 +0.121081050135386E+03 
_PVbus Central_Pehuenche/Pehuenche_U2/Pehuenche_U2_LF Central_Pehuenche/Pehuenche_U2/s12
3 +0.500000000000000E+02
+0.128439530686368E+05 +0.216459768268376E+02 +0.755518298885867E+04 -0.839855187615076E+01 +0.112676528168026E+05 +0.943902918441173E+00 
+0.128439530686368E+05 -0.983540231731624E+02 +0.755518298885877E+04 -0.128398551876151E+03 +0.112676528168026E+05 -0.119056097081559E+03 
+0.128439530686368E+05 +0.141645976826838E+03 +0.755518298885866E+04 +0.111601448123848E+03 +0.112676528168026E+05 +0.120943902918441E+03 
_PVbus STAT_ENTRERIOS/PVinit/LF STAT_ENTRERIOS/s2
3 +0.500000000000000E+02
+0.488738353190982E+03 -0.486494565925536E+01 +0.391226216855015E+05 -0.948649456592588E+02 +0.488734440928814E+03 -0.486494565925536E+01 
+0.488738353190982E+03 -0.124864945659255E+03 +0.391226216854938E+05 +0.145135054340741E+03 +0.488734440928813E+03 -0.124864945659255E+03 
+0.488738353190982E+03 +0.115135054340745E+03 +0.391226216854974E+05 +0.251350543407522E+02 +0.488734440928813E+03 +0.115135054340745E+03 
_PVbus STATCOM_MAIPO/PVinit/LF STATCOM_MAIPO/s2
3 +0.500000000000000E+02
+0.487319249448426E+03 -0.514918948504181E+01 +0.673487828692752E+05 +0.848508105149579E+02 +0.487325984326713E+03 -0.514918948504181E+01 
+0.487319249448426E+03 -0.125149189485042E+03 +0.673487828692752E+05 -0.351491894850416E+02 +0.487325984326713E+03 -0.125149189485042E+03 
+0.487319249448426E+03 +0.114850810514958E+03 +0.673487828692749E+05 -0.155149189485042E+03 +0.487325984326713E+03 +0.114850810514958E+03 
_PQbus Central_ElPaso/ElPaso_U1/LF_EPASO_U1 Central_ElPaso/ElPaso_U1/s13
3 +0.500000000000000E+02
+0.908094247052079E+04 +0.930456808194321E+01 +0.420578156847463E+03 -0.199129812350781E+02 +0.837117237247890E+04 -0.113494801263269E+01 
+0.908094247052079E+04 -0.110695431918057E+03 +0.420578156847462E+03 -0.139912981235078E+03 +0.837117237247890E+04 -0.121134948012633E+03 
+0.908094247052079E+04 +0.129304568081943E+03 +0.420578156847461E+03 +0.100087018764922E+03 +0.837117237247890E+04 +0.118865051987367E+03 
_PQbus Central_LomaAlta_RioColorado/LomaALta/LF_LomaAlta Central_LomaAlta_RioColorado/LomaALta/s13
3 +0.500000000000000E+02
+0.103884220292588E+05 +0.924938729797717E+00 +0.230414264553870E+03 +0.570596088369707E+02 +0.111646915141774E+05 -0.172198839868510E+01 
+0.103884220292588E+05 -0.119075061270202E+03 +0.230414264553870E+03 -0.629403911630337E+02 +0.111646915141774E+05 -0.121721988398685E+03 
+0.103884220292588E+05 +0.120924938729798E+03 +0.230414264553855E+03 +0.177059608836969E+03 +0.111646915141774E+05 +0.118278011601315E+03 
_PQbus Central_LomaAlta_RioColorado/La_Mina_RColorado/La_Mina_RColorado Central_LomaAlta_RioColorado/La_Mina_RColorado/s13
3 +0.500000000000000E+02
+0.115494544357718E+05 +0.137161064305693E+01 +0.173369468556112E+03 -0.125544554556217E+01 +0.115360565886065E+05 -0.125544554556489E+01 
+0.115494544357718E+05 -0.118628389356943E+03 +0.173369468556126E+03 -0.121255445545565E+03 +0.115360565886065E+05 -0.121255445545565E+03 
+0.115494544357718E+05 +0.121371610643057E+03 +0.173369468556112E+03 +0.118744554454432E+03 +0.115360565886065E+05 +0.118744554454435E+03 
_PQbus Central_SanAndres/SanAndres_U2/LF_SANDRES_U2 Central_SanAndres/SanAndres_U2/s13
3 +0.500000000000000E+02
+0.919366428646042E+04 +0.985883510614889E+01 +0.401919043095533E+03 -0.157065463544539E+02 +0.856928218088576E+04 -0.113233015641506E+01 
+0.919366428646042E+04 -0.110141164893851E+03 +0.401919043095531E+03 -0.135706546354454E+03 +0.856928218088576E+04 -0.121132330156415E+03 
+0.919366428646042E+04 +0.129858835106149E+03 +0.401919043095532E+03 +0.104293453645546E+03 +0.856928218088576E+04 +0.118867669843585E+03 
_PQbus Central_Digua/Digua_U1/LF_DIGUA_U1 Central_Digua/Digua_U1/s13
3 +0.500000000000000E+02
+0.636263899356186E+04 +0.748566470436162E+01 +0.419012969856894E+03 -0.293659356859313E+02 +0.569228006668629E+04 -0.280088450885532E+01 
+0.636263899356186E+04 -0.112514335295638E+03 +0.419012969857007E+03 -0.149365935685927E+03 +0.569228006668627E+04 -0.122800884508856E+03 
+0.636263899356186E+04 +0.127485664704362E+03 +0.419012969856977E+03 +0.906340643140574E+02 +0.569228006668621E+04 +0.117199115491144E+03 
_PQbus PMGD_PFV_Paine154/PQinit/LF PMGD_PFV_Paine154/s9
3 +0.500000000000000E+02
+0.187445566664114E+06 -0.346857221286973E+02 +0.196327910560941E+03 -0.254601154338362E+02 +0.187445566667261E+06 -0.346857221346207E+02 
+0.187445566664114E+06 -0.154685722128697E+03 +0.196327939427093E+03 -0.145460074620916E+03 +0.187445566667261E+06 -0.154685722134621E+03 
+0.187445566664114E+06 +0.853142778713027E+02 +0.196327882949520E+03 +0.945398912836450E+02 +0.187445566667261E+06 +0.853142778653793E+02 
_PQbus PMGD_PFV_Parral154/PQinit/LF PMGD_PFV_Parral154/s9
3 +0.500000000000000E+02
+0.187393064465840E+06 -0.352429028001751E+02 +0.252554673870505E+03 -0.227140885061329E+02 +0.187393064471319E+06 -0.352429028077131E+02 
+0.187393064465840E+06 -0.155242902800175E+03 +0.252554668278103E+03 -0.142714096166921E+03 +0.187393064471319E+06 -0.155242902807713E+03 
+0.187393064465840E+06 +0.847570971998249E+02 +0.252554689030314E+03 +0.972858993773697E+02 +0.187393064471319E+06 +0.847570971922869E+02 
_PQbus PMGD_PFV_PCortes154/PQinit/LF PMGD_PFV_PCortes154/s9
3 +0.500000000000000E+02
+0.187445566667831E+06 -0.346857221274134E+02 +0.569322125997662E+02 -0.346856946636165E+02 +0.187445566667831E+06 -0.346857221291536E+02 
+0.187445566667831E+06 -0.154685722127413E+03 +0.569321584771806E+02 -0.154685741128210E+03 +0.187445566667831E+06 -0.154685722129154E+03 
+0.187445566667831E+06 +0.853142778725866E+02 +0.569321357123299E+02 +0.853142694043362E+02 +0.187445566667831E+06 +0.853142778708464E+02 
_PQbus PMGD_PFV_Rancagua154/PQinit/LF PMGD_PFV_Rancagua154/s9
3 +0.500000000000000E+02
+0.187445566671663E+06 -0.346857220856294E+02 +0.220064756669722E+03 -0.346857245324661E+02 +0.187445566671663E+06 -0.346857220923560E+02 
+0.187445566671663E+06 -0.154685722085629E+03 +0.220064721651607E+03 -0.154685716809285E+03 +0.187445566671663E+06 -0.154685722092356E+03 
+0.187445566671663E+06 +0.853142779143706E+02 +0.220064711369840E+03 +0.853142750646829E+02 +0.187445566671663E+06 +0.853142779076440E+02 
_PQbus PMGD_PFV_Teno154/PQinit/LF PMGD_PFV_Teno154/s9
3 +0.500000000000000E+02
+0.186337372563749E+06 -0.333410133589636E+02 +0.204853115142598E+03 -0.333409943881574E+02 +0.186337372563749E+06 -0.333410133652625E+02 
+0.186337372563749E+06 -0.153341013358964E+03 +0.204853117623064E+03 -0.153341035985791E+03 +0.186337372563749E+06 -0.153341013365262E+03 
+0.186337372563749E+06 +0.866589866410364E+02 +0.204853060544261E+03 +0.866589902781619E+02 +0.186337372563749E+06 +0.866589866347375E+02 
_PQbus PMGD_PFV_Tinguiririca154/PQinit/LF PMGD_PFV_Tinguiririca154/s9
3 +0.500000000000000E+02
+0.186337372534267E+06 -0.333410133564338E+02 +0.133171684848626E+03 -0.153447653421100E+02 +0.186337372538382E+06 -0.333410133603283E+02 
+0.186337372534267E+06 -0.153341013356434E+03 +0.133171661077728E+03 -0.135344783464332E+03 +0.186337372538382E+06 -0.153341013360328E+03 
+0.186337372534267E+06 +0.866589866435662E+02 +0.133171676325679E+03 +0.104655243548210E+03 +0.186337372538382E+06 +0.866589866396717E+02 
_PQbus PMGD_PFV_Charrua066/PQinit/LF PMGD_PFV_Charrua066/s9
3 +0.500000000000000E+02
+0.187393064465644E+06 -0.352429028048295E+02 +0.408351393282205E+03 -0.227140770931308E+02 +0.187393064474503E+06 -0.352429028170176E+02 
+0.187393064465644E+06 -0.155242902804829E+03 +0.408351392021589E+03 -0.142714091151620E+03 +0.187393064474503E+06 -0.155242902817018E+03 
+0.187393064465644E+06 +0.847570971951705E+02 +0.408351394958240E+03 +0.972858829211529E+02 +0.187393064474503E+06 +0.847570971829824E+02 
_PQbus PMGD_PFV_Horcones066/PQinit/LF PMGD_PFV_Horcones066/s9
3 +0.500000000000000E+02
+0.184945247608253E+06 -0.407696989151629E+02 +0.662372243498296E+02 -0.304239344387363E+02 +0.184945247609442E+06 -0.407696989171815E+02 
+0.184945247608253E+06 -0.160769698915163E+03 +0.662372243498017E+02 -0.150423934438755E+03 +0.184945247609442E+06 -0.160769698917182E+03 
+0.184945247608253E+06 +0.792303010848371E+02 +0.662372243498211E+02 +0.895760655612842E+02 +0.184945247609442E+06 +0.792303010828185E+02 
_PQbus PMGD_PFV_Mulchen220/PQinit/LF PMGD_PFV_Mulchen220/s9
3 +0.500000000000000E+02
+0.186550520129193E+06 -0.339132932349343E+02 +0.149910877798322E+03 -0.213844837599642E+02 +0.186550520132445E+06 -0.339132932394290E+02 
+0.186550520129193E+06 -0.153913293234934E+03 +0.149910868690863E+03 -0.141384487452319E+03 +0.186550520132445E+06 -0.153913293239429E+03 
+0.186550520129193E+06 +0.860867067650657E+02 +0.149910875546929E+03 +0.986155146214509E+02 +0.186550520132445E+06 +0.860867067605710E+02 
_PQbus PMGD_PFV_Duqueco220/PQinit/LF PMGD_PFV_Duqueco220/s9
3 +0.500000000000000E+02
+0.184083840442968E+06 -0.374716735028515E+02 +0.575300651477598E+02 -0.374716735046380E+02 +0.184083840442968E+06 -0.374716735046421E+02 
+0.184083840442968E+06 -0.157471673502851E+03 +0.575300651477556E+02 -0.157471673504640E+03 +0.184083840442968E+06 -0.157471673504642E+03 
+0.184083840442968E+06 +0.825283264971486E+02 +0.575300651477571E+02 +0.825283264953522E+02 +0.184083840442968E+06 +0.825283264953579E+02 
_PQbus PMGD_PFV_Temuco066/PQinit/LF PMGD_PFV_Temuco066/s9
3 +0.500000000000000E+02
+0.175171961174831E+06 -0.429143451929960E+02 +0.635752422758687E+02 -0.325685807193806E+02 +0.175171961175973E+06 -0.429143451950417E+02 
+0.175171961174831E+06 -0.162914345192996E+03 +0.635752422625206E+02 -0.152568580711974E+03 +0.175171961175973E+06 -0.162914345195042E+03 
+0.175171961174831E+06 +0.770856548070040E+02 +0.635752422809256E+02 +0.874314192815677E+02 +0.175171961175973E+06 +0.770856548049583E+02 
_PQbus PFV_Gran_Teno_OG/PQinit/LF PFV_Gran_Teno_OG/s9
3 +0.500000000000000E+02
+0.186337372504210E+06 -0.333410133250792E+02 +0.279081519068300E+03 -0.153447651237366E+02 +0.186337372512833E+06 -0.333410133332407E+02 
+0.186337372504210E+06 -0.153341013325079E+03 +0.279081500877193E+03 -0.135344768998760E+03 +0.186337372512833E+06 -0.153341013333241E+03 
+0.186337372504210E+06 +0.866589866749208E+02 +0.279081505062679E+03 +0.104655228945529E+03 +0.186337372512833E+06 +0.866589866667593E+02 
_PQbus PFV_Tamango_OG/PQinit/LF PFV_Tamango_OG/s9
3 +0.500000000000000E+02
+0.187393064483038E+06 -0.352429028249823E+02 +0.970675120533796E+02 -0.248971411933147E+02 +0.187393064484781E+06 -0.352429028279019E+02 
+0.187393064483038E+06 -0.155242902824982E+03 +0.970675414352500E+02 -0.144897107303725E+03 +0.187393064484781E+06 -0.155242902827902E+03 
+0.187393064483038E+06 +0.847570971750177E+02 +0.970675025878361E+02 +0.951028334486594E+02 +0.187393064484781E+06 +0.847570971720981E+02 
_PQbus PMG_Venezia_Solar_OG/PQinit/LF PMG_Venezia_Solar_OG/s9
3 +0.500000000000000E+02
+0.186337372555730E+06 -0.333410133787666E+02 +0.127381628910402E+02 -0.153447797471143E+02 +0.186337372556124E+06 -0.333410133791391E+02 
+0.186337372555730E+06 -0.153341013378767E+03 +0.127381522759965E+02 -0.135344824823834E+03 +0.186337372556124E+06 -0.153341013379139E+03 
+0.186337372555730E+06 +0.866589866212334E+02 +0.127381652186642E+02 +0.104655299256226E+03 +0.186337372556124E+06 +0.866589866208609E+02 
_PQbus PMGD_PFV_Linares154/PQinit/LF PMGD_PFV_Linares154/s9
3 +0.500000000000000E+02
+0.186888272149091E+06 -0.334900934190802E+02 +0.156155470595762E+03 -0.124728682666668E+02 +0.186888272154691E+06 -0.334900934235491E+02 
+0.186888272149091E+06 -0.153490093419080E+03 +0.156155470595296E+03 -0.132472868267260E+03 +0.186888272154691E+06 -0.153490093423549E+03 
+0.186888272149091E+06 +0.865099065809198E+02 +0.156155470595436E+03 +0.107527131732671E+03 +0.186888272154691E+06 +0.865099065764509E+02 
_PQbus PMGD_PFV_Talca066/PQinit/LF PMGD_PFV_Talca066/s9
3 +0.500000000000000E+02
+0.184937626262584E+06 -0.353850333777992E+02 +0.128978995405096E+03 -0.245107333488358E+02 +0.184937626265017E+06 -0.353850333817234E+02 
+0.184937626262584E+06 -0.155385033377799E+03 +0.128978995405090E+03 -0.144510733348838E+03 +0.184937626265017E+06 -0.155385033381723E+03 
+0.184937626262584E+06 +0.846149666222008E+02 +0.128978995405094E+03 +0.954892666511659E+02 +0.184937626265017E+06 +0.846149666182766E+02 
_PQbus PFV_Ortega_Negrete_OG/PQinit/LF PFV_Ortega_Negrete_OG/s9
3 +0.500000000000000E+02
+0.187393064497409E+06 -0.352429028537052E+02 +0.594289597648652E+01 -0.248969834536132E+02 +0.187393064497515E+06 -0.352429028538840E+02 
+0.187393064497409E+06 -0.155242902853705E+03 +0.594292929495078E+01 -0.144896764939835E+03 +0.187393064497516E+06 -0.155242902853884E+03 
+0.187393064497409E+06 +0.847570971462948E+02 +0.594290265079912E+01 +0.951023332656340E+02 +0.187393064497515E+06 +0.847570971461160E+02 
_PQbus PMGD_PFV_SJavier066/PQinit/LF PMGD_PFV_SJavier066/s9
3 +0.500000000000000E+02
+0.187218631768771E+06 -0.383524013542440E+02 +0.491210903874631E+02 -0.383524013557362E+02 +0.187218631768771E+06 -0.383524013557473E+02 
+0.187218631768771E+06 -0.158352401354244E+03 +0.491210903874851E+02 -0.158352401355749E+03 +0.187218631768771E+06 -0.158352401355747E+03 
+0.187218631768771E+06 +0.816475986457560E+02 +0.491210903874789E+02 +0.816475986442439E+02 +0.187218631768771E+06 +0.816475986442528E+02 
_PQbus PMGD_PFV_Chillan154/PQinit/LF PMGD_PFV_Chillan154/s9
3 +0.500000000000000E+02
+0.187393064491338E+06 -0.352429028459357E+02 +0.323073163914452E+03 -0.227140879876584E+02 +0.187393064498346E+06 -0.352429028555785E+02 
+0.187393064491338E+06 -0.155242902845936E+03 +0.323073227062235E+03 -0.142714076524537E+03 +0.187393064498346E+06 -0.155242902855578E+03 
+0.187393064491338E+06 +0.847570971540643E+02 +0.323073181235831E+03 +0.972858790729121E+02 +0.187393064498346E+06 +0.847570971444215E+02 
_PQbus PMGD_PFV_Itahue154/PQinit/LF PMGD_PFV_Itahue154/s9
3 +0.500000000000000E+02
+0.186275846393218E+06 -0.362848550425283E+02 +0.948536298497408E+02 -0.254105550125070E+02 +0.186275846395008E+06 -0.362848550453935E+02 
+0.186275846393218E+06 -0.156284855042528E+03 +0.948536298497446E+02 -0.145410555012509E+03 +0.186275846395008E+06 -0.156284855045394E+03 
+0.186275846393218E+06 +0.837151449574717E+02 +0.948536298497431E+02 +0.945894449874977E+02 +0.186275846395008E+06 +0.837151449546065E+02 
_PQbus PMGD_PFV_Malloa154/PQinit/LF PMGD_PFV_Malloa154/s9
3 +0.500000000000000E+02
+0.186337372559732E+06 -0.333410133813259E+02 +0.122737406667540E+03 -0.241153509327641E+02 +0.186337372561700E+06 -0.333410133850511E+02 
+0.186337372559732E+06 -0.153341013381326E+03 +0.122737189077320E+03 -0.144115449734340E+03 +0.186337372561700E+06 -0.153341013385051E+03 
+0.186337372559732E+06 +0.866589866186741E+02 +0.122737393063075E+03 +0.958846281446090E+02 +0.186337372561700E+06 +0.866589866149489E+02 
_PQbus PE_Lomas_de_Duqueco/PQinit/LF PE_Lomas_de_Duqueco/s9
3 +0.500000000000000E+02
+0.517146450883832E+05 -0.358342457572079E+02 +0.435555920530981E+03 -0.354950165852425E+02 +0.517146450886411E+05 -0.358342458054632E+02 
+0.517146450883832E+05 -0.155834245757208E+03 +0.435555920530875E+03 -0.155495016585402E+03 +0.517146450886411E+05 -0.155834245805463E+03 
+0.517146450883832E+05 +0.841657542427921E+02 +0.435555920531310E+03 +0.845049834146657E+02 +0.517146450886411E+05 +0.841657541945368E+02 
_PQbus PE_Los_Olmos/PQinit/LF PE_Los_Olmos/s9
3 +0.500000000000000E+02
+0.187069900670901E+06 -0.328040350435439E+02 +0.215417634454616E+03 -0.218924595274483E+02 +0.187069900674979E+06 -0.328040350500224E+02 
+0.187069900670901E+06 -0.152804035043544E+03 +0.215417634454623E+03 -0.141892459527446E+03 +0.187069900674979E+06 -0.152804035050022E+03 
+0.187069900670901E+06 +0.871959649564561E+02 +0.215417634454620E+03 +0.981075404725539E+02 +0.187069900674979E+06 +0.871959649499776E+02 
_PQbus PE_MallecoSur/PQinit/LF PE_MallecoSur/s9
3 +0.500000000000000E+02
+0.182942636001498E+06 -0.358553044525836E+02 +0.277872859126597E+03 -0.217856242965527E+02 +0.182942636008253E+06 -0.358553044610252E+02 
+0.182942636001498E+06 -0.155855304452584E+03 +0.277872859133148E+03 -0.141785624301702E+03 +0.182942636008253E+06 -0.155855304461025E+03 
+0.182942636001498E+06 +0.841446955474164E+02 +0.277872859142402E+03 +0.982143756962812E+02 +0.182942636008253E+06 +0.841446955389748E+02 
_PQbus PE_SanGabriel/PQinit/LF PE_SanGabriel/s9
3 +0.500000000000000E+02
+0.187850624437800E+06 -0.325386130400129E+02 +0.403673535296015E+03 -0.322892214229383E+02 +0.187850624437975E+06 -0.325386130523251E+02 
+0.187850624437800E+06 -0.152538613040013E+03 +0.403673535296015E+03 -0.152289221422938E+03 +0.187850624437975E+06 -0.152538613052325E+03 
+0.187850624437800E+06 +0.874613869599871E+02 +0.403673535296016E+03 +0.877107785770617E+02 +0.187850624437975E+06 +0.874613869476749E+02 
_PQbus PE_MallecoNorte/PQinit/LF PE_MallecoNorte/s9
3 +0.500000000000000E+02
+0.183061663921892E+06 -0.355474022148441E+02 +0.277420550372120E+03 -0.297723701684000E+02 +0.183061663924684E+06 -0.355474022234830E+02 
+0.183061663921892E+06 -0.155547402214844E+03 +0.277420550372154E+03 -0.149772370168402E+03 +0.183061663924684E+06 -0.155547402223483E+03 
+0.183061663921892E+06 +0.844525977851559E+02 +0.277420550372144E+03 +0.902276298315876E+02 +0.183061663924684E+06 +0.844525977765171E+02 
_PQbus PE_Aurora/PQinit/LF PE_Aurora/s9
3 +0.500000000000000E+02
+0.161189281450157E+06 -0.584230048578191E+02 +0.482347819225508E+03 -0.522902844059696E+02 +0.161189281455310E+06 -0.584230048748664E+02 
+0.161189281450157E+06 -0.178423004857819E+03 +0.482347819036890E+03 -0.172290284369692E+03 +0.161189281455310E+06 -0.178423004874866E+03 
+0.161189281450157E+06 +0.615769951421809E+02 +0.482347819275685E+03 +0.677097156280776E+02 +0.161189281455310E+06 +0.615769951251336E+02 
_PQbus PE_Renaico_I/PQinit/LF PE_Renaico_I/s9
3 +0.500000000000000E+02
+0.186588565834548E+06 -0.330857345320969E+02 +0.336792378151006E+03 -0.251161241480188E+02 +0.186588565839218E+06 -0.330857345423389E+02 
+0.186588565834548E+06 -0.153085734532097E+03 +0.336792378150973E+03 -0.145116124148020E+03 +0.186588565839218E+06 -0.153085734542339E+03 
+0.186588565834548E+06 +0.869142654679031E+02 +0.336792378150985E+03 +0.948838758519858E+02 +0.186588565839218E+06 +0.869142654576611E+02 
_PQbus PE_Tolpan_Sur/PQinit/LF PE_Tolpan_Sur/s9
3 +0.500000000000000E+02
+0.187154438290080E+06 -0.326634085320943E+02 +0.163466143099926E+03 -0.268883764819949E+02 +0.187154438291725E+06 -0.326634085370733E+02 
+0.187154438290080E+06 -0.152663408532094E+03 +0.163466143099924E+03 -0.146888376481997E+03 +0.187154438291725E+06 -0.152663408537073E+03 
+0.187154438290080E+06 +0.873365914679057E+02 +0.163466143099931E+03 +0.931116235180066E+02 +0.187154438291725E+06 +0.873365914629267E+02 
_PQbus PE_San_Matias_Etapa1_OG/PQinit/LF PE_San_Matias_Etapa1_OG/s9
3 +0.500000000000000E+02
+0.186550520137202E+06 -0.339132931886605E+02 +0.158562713543332E+03 -0.339132992067520E+02 +0.186550520137202E+06 -0.339132931935305E+02 
+0.186550520137202E+06 -0.153913293188661E+03 +0.158562726242934E+03 -0.153913289089806E+03 +0.186550520137202E+06 -0.153913293193530E+03 
+0.186550520137202E+06 +0.860867068113395E+02 +0.158562721976752E+03 +0.860867087159661E+02 +0.186550520137202E+06 +0.860867068064695E+02 
_PQbus BESS_La_Cabana/PQinit/LF BESS_La_Cabana/s2
3 +0.500000000000000E+02
+0.487669669457738E+03 -0.310355736736805E+01 +0.264485042669601E+05 +0.176896753373223E+03 +0.487669669450566E+03 -0.310324662676558E+01 
+0.487669669457738E+03 -0.123103557367368E+03 +0.264485042669669E+05 +0.568967533732210E+02 +0.487669669450566E+03 -0.123103246626766E+03 
+0.487669669457738E+03 +0.116896442632632E+03 +0.264485042669718E+05 -0.631032466267403E+02 +0.487669669450566E+03 +0.116896753373234E+03 
_PQbus BESS_La_Cabana_Amp/PQinit/LF BESS_La_Cabana_Amp/s2
3 +0.500000000000000E+02
+0.487669669458194E+03 -0.310356707801090E+01 +0.272750200253105E+05 +0.176896753373232E+03 +0.487669669450566E+03 -0.310324662676461E+01 
+0.487669669458194E+03 -0.123103567078011E+03 +0.272750200253032E+05 +0.568967533732404E+02 +0.487669669450566E+03 -0.123103246626765E+03 
+0.487669669458194E+03 +0.116896432921989E+03 +0.272750200253132E+05 -0.631032466267661E+02 +0.487669669450566E+03 +0.116896753373235E+03 
_PQbus LF1 MAIPO220_NORTEG
3 +0.600000000000000E+02
+0.188734354575037E+06 -0.351693139771683E+02 +0.148141702399919E+03 +0.408672511977378E+02 +0.188778708117809E+06 -0.351726964855835E+02 
+0.188734354575037E+06 -0.155169313977168E+03 +0.148141702399971E+03 -0.791327488022533E+02 +0.188778708117809E+06 -0.155172696485583E+03 
+0.188734354575037E+06 +0.848306860228317E+02 +0.148141702400001E+03 +0.160867251197737E+03 +0.188778708117809E+06 +0.848273035144165E+02 
_PQbus LF2 s756
3 +0.500000000000000E+02
+0.417637542038440E+06 -0.346458415350170E+02 +0.341445239297699E+03 +0.675589219870205E+02 +0.417740620521901E+06 -0.346428201056690E+02 
+0.417637542038440E+06 -0.154645841535017E+03 +0.341445239297724E+03 -0.524410780129767E+02 +0.417740620521901E+06 -0.154642820105669E+03 
+0.417637542038440E+06 +0.853541584649830E+02 +0.341445239297742E+03 -0.172441078012981E+03 +0.417740620521901E+06 +0.853571798943310E+02 
_PQload ATR_LASTARR_220/Load_a LASTARRIA220a
1 +0.500000000000000E+02
+0.000000000000000E+00 +0.000000000000000E+00 +0.122127142096452E+03 -0.483812559999841E+02 +0.168303793181467E+06 -0.503514850997093E+02 
_PQload ATR_LASTARR_220/Load_b LASTARRIA220b
1 +0.500000000000000E+02
+0.000000000000000E+00 +0.000000000000000E+00 +0.122127142096337E+03 -0.168381255999963E+03 +0.168303793181626E+06 -0.170351485099688E+03 
_PQload ATR_LASTARR_220/Load_c LASTARRIA220c
1 +0.500000000000000E+02
+0.000000000000000E+00 +0.000000000000000E+00 +0.122127142096387E+03 +0.716187439999942E+02 +0.168303793181557E+06 +0.696485149002690E+02 
_PQload ATR_METR_220_1/Load_a METRENCO220a
1 +0.500000000000000E+02
+0.000000000000000E+00 +0.000000000000000E+00 +0.213161335032922E+03 -0.403696655009334E+02 +0.173781265427786E+06 -0.444047794852688E+02 
_PQload ATR_METR_220_1/Load_b METRENCO220b
1 +0.500000000000000E+02
+0.000000000000000E+00 +0.000000000000000E+00 +0.213161335032886E+03 -0.160369665500928E+03 +0.173781265427815E+06 -0.164404779485263E+03 
_PQload ATR_METR_220_1/Load_c METRENCO220c
1 +0.500000000000000E+02
+0.000000000000000E+00 +0.000000000000000E+00 +0.213161335032911E+03 +0.796303344990614E+02 +0.173781265427795E+06 +0.755952205147260E+02 
_PQload ATR_PICHIRRO/Load_a PICHIRRO220a
1 +0.500000000000000E+02
+0.000000000000000E+00 +0.000000000000000E+00 +0.210938728005953E+03 -0.656920575725437E+02 +0.162390633599561E+06 -0.565089665233148E+02 
_PQload ATR_PICHIRRO/Load_b PICHIRRO220b
1 +0.500000000000000E+02
+0.000000000000000E+00 +0.000000000000000E+00 +0.210938728005570E+03 +0.174307942427501E+03 +0.162390633599855E+06 -0.176508966523270E+03 
_PQload ATR_PICHIRRO/Load_c PICHIRRO220c
1 +0.500000000000000E+02
+0.000000000000000E+00 +0.000000000000000E+00 +0.210938728005697E+03 +0.543079424274143E+02 +0.162390633599758E+06 +0.634910334766432E+02 
_PQload ATR_VALDIV_220/Load_a VALDIVIA220a
1 +0.500000000000000E+02
+0.000000000000000E+00 +0.000000000000000E+00 +0.186773048913922E+03 -0.644201435119135E+02 +0.163498301402204E+06 -0.551104625545547E+02 
_PQload ATR_VALDIV_220/Load_b VALDIVIA220b
1 +0.500000000000000E+02
+0.000000000000000E+00 +0.000000000000000E+00 +0.186773048913625E+03 +0.175579856488126E+03 +0.163498301402465E+06 -0.175110462554516E+03 
_PQload ATR_VALDIV_220/Load_c VALDIVIA220c
1 +0.500000000000000E+02
+0.000000000000000E+00 +0.000000000000000E+00 +0.186773048913740E+03 +0.555798564880528E+02 +0.163498301402364E+06 +0.648895374454117E+02 
_PQload CHARRUA_154/Load_a CHARRUA220a
1 +0.500000000000000E+02
+0.000000000000000E+00 +0.000000000000000E+00 +0.672183093311246E+03 -0.545433514285240E+02 +0.187393064498346E+06 -0.352429028555785E+02 
_PQload CHARRUA_154/Load_b CHARRUA220b
1 +0.500000000000000E+02
+0.000000000000000E+00 +0.000000000000000E+00 +0.672183093311246E+03 -0.174543351428524E+03 +0.187393064498346E+06 -0.155242902855578E+03 
_PQload CHARRUA_154/Load_c CHARRUA220c
1 +0.500000000000000E+02
+0.000000000000000E+00 +0.000000000000000E+00 +0.672183093311246E+03 +0.654566485714760E+02 +0.187393064498346E+06 +0.847570971444215E+02 
_PQload CLAJA_220/Load_a MDOLO220a
1 +0.500000000000000E+02
+0.000000000000000E+00 +0.000000000000000E+00 +0.524631648628046E+02 -0.331951147081829E+01 +0.185843617209197E+06 -0.367630008168855E+02 
_PQload CLAJA_220/Load_b MDOLO220b
1 +0.500000000000000E+02
+0.000000000000000E+00 +0.000000000000000E+00 +0.524631648628153E+02 -0.123319511470826E+03 +0.185843617209159E+06 -0.156763000816893E+03 
_PQload CLAJA_220/Load_c MDOLO220c
1 +0.500000000000000E+02
+0.000000000000000E+00 +0.000000000000000E+00 +0.524631648628046E+02 +0.116680488529168E+03 +0.185843617209197E+06 +0.832369991831008E+02 
_PQload CONCEPCION_220/Load_a CONCEPCION220a
1 +0.500000000000000E+02
+0.000000000000000E+00 +0.000000000000000E+00 +0.562758617449030E+03 -0.531323518939487E+02 +0.179908103743967E+06 -0.396528008288751E+02 
_PQload CONCEPCION_220/Load_b CONCEPCION220b
1 +0.500000000000000E+02
+0.000000000000000E+00 +0.000000000000000E+00 +0.562758617449030E+03 -0.173132351893949E+03 +0.179908103743967E+06 -0.159652800828875E+03 
_PQload CONCEPCION_220/Load_c CONCEPCION220c
1 +0.500000000000000E+02
+0.000000000000000E+00 +0.000000000000000E+00 +0.562758617449030E+03 +0.668676481060513E+02 +0.179908103743967E+06 +0.803471991711250E+02 
_PQload FCR_154/Load_a LAGUNILLAS220a
1 +0.500000000000000E+02
+0.000000000000000E+00 +0.000000000000000E+00 +0.410035956632884E+03 -0.645235728108376E+02 +0.184945247609442E+06 -0.407696989171815E+02 
_PQload FCR_154/Load_b LAGUNILLAS220b
1 +0.500000000000000E+02
+0.000000000000000E+00 +0.000000000000000E+00 +0.410035956632884E+03 +0.175476427189162E+03 +0.184945247609442E+06 -0.160769698917182E+03 
_PQload FCR_154/Load_c LAGUNILLAS220c
1 +0.500000000000000E+02
+0.000000000000000E+00 +0.000000000000000E+00 +0.410035956632884E+03 +0.554764271891624E+02 +0.184945247609442E+06 +0.792303010828185E+02 
_PQload INFOR_220/Load_a INFORSA220a
1 +0.500000000000000E+02
+0.000000000000000E+00 +0.000000000000000E+00 +0.773826830689022E+02 -0.573094292325811E+02 +0.183811295935257E+06 -0.381282121728504E+02 
_PQload INFOR_220/Load_b INFORSA220b
1 +0.500000000000000E+02
+0.000000000000000E+00 +0.000000000000000E+00 +0.773826830689345E+02 -0.177309429232597E+03 +0.183811295935180E+06 -0.158128212172867E+03 
_PQload INFOR_220/Load_c INFORSA220c
1 +0.500000000000000E+02
+0.000000000000000E+00 +0.000000000000000E+00 +0.773826830689014E+02 +0.626905707673907E+02 +0.183811295935259E+06 +0.818717878271214E+02 
_PQload L_LLANQUI/Load_a TLLANQUIHUE220a
1 +0.500000000000000E+02
+0.000000000000000E+00 +0.000000000000000E+00 +0.156132906393376E+03 -0.711294001040912E+02 +0.160646691181606E+06 -0.591641708681744E+02 
_PQload L_LLANQUI/Load_b TLLANQUIHUE220b
1 +0.500000000000000E+02
+0.000000000000000E+00 +0.000000000000000E+00 +0.156132906392590E+03 +0.168870599896056E+03 +0.160646691182415E+06 -0.179164170868028E+03 
_PQload L_LLANQUI/Load_c TLLANQUIHUE220c
1 +0.500000000000000E+02
+0.000000000000000E+00 +0.000000000000000E+00 +0.156132906392671E+03 +0.488705998957681E+02 +0.160646691182331E+06 +0.608358291316848E+02 
_PQload L_MAMPIL220/Load_a MAMPIL220a
1 +0.500000000000000E+02
+0.000000000000000E+00 +0.000000000000000E+00 +0.757946614054632E+01 -0.397648535495650E+02 +0.188835116437966E+06 -0.349554344464457E+02 
_PQload L_MAMPIL220/Load_b MAMPIL220b
1 +0.500000000000000E+02
+0.000000000000000E+00 +0.000000000000000E+00 +0.757946614054632E+01 -0.159764853549565E+03 +0.188835116437966E+06 -0.154955434446446E+03 
_PQload L_MAMPIL220/Load_c MAMPIL220c
1 +0.500000000000000E+02
+0.000000000000000E+00 +0.000000000000000E+00 +0.757946614054632E+01 +0.802351464504350E+02 +0.188835116437966E+06 +0.850445655535544E+02 
_PQload L_PTOMONTT/Load_a PMONTT220a
1 +0.500000000000000E+02
+0.000000000000000E+00 +0.000000000000000E+00 +0.115013758594604E+03 -0.605209403714524E+02 +0.160023428322039E+06 -0.596907585979245E+02 
_PQload L_PTOMONTT/Load_b PMONTT220b
1 +0.500000000000000E+02
+0.000000000000000E+00 +0.000000000000000E+00 +0.115013758591664E+03 +0.179479059629121E+03 +0.160023428326129E+06 -0.179690758597351E+03 
_PQload L_PTOMONTT/Load_c PMONTT220c
1 +0.500000000000000E+02
+0.000000000000000E+00 +0.000000000000000E+00 +0.115013758593187E+03 +0.594790596290934E+02 +0.160023428324011E+06 +0.603092414026214E+02 
_PQload L_RUCUE220/Load_a RUCUE220a
1 +0.500000000000000E+02
+0.000000000000000E+00 +0.000000000000000E+00 +0.533902293633419E+01 -0.454134563867228E+02 +0.188312386436320E+06 -0.351000467150358E+02 
_PQload L_RUCUE220/Load_b RUCUE220b
1 +0.500000000000000E+02
+0.000000000000000E+00 +0.000000000000000E+00 +0.533902293633419E+01 -0.165413456386723E+03 +0.188312386436320E+06 -0.155100046715036E+03 
_PQload L_RUCUE220/Load_c RUCUE220c
1 +0.500000000000000E+02
+0.000000000000000E+00 +0.000000000000000E+00 +0.533902293633419E+01 +0.745865436132772E+02 +0.188312386436320E+06 +0.848999532849642E+02 
_PQload Load2/Load_a GAMBOA220a
1 +0.500000000000000E+02
+0.000000000000000E+00 +0.000000000000000E+00 +0.158324372699138E+03 -0.701685520572998E+02 +0.160651972805214E+06 -0.613637200365865E+02 
_PQload Load2/Load_b GAMBOA220b
1 +0.500000000000000E+02
+0.000000000000000E+00 +0.000000000000000E+00 +0.158324372698184E+03 +0.169831447942895E+03 +0.160651972806183E+06 +0.178636279963609E+03 
_PQload Load2/Load_c GAMBOA220c
1 +0.500000000000000E+02
+0.000000000000000E+00 +0.000000000000000E+00 +0.158324372698424E+03 +0.498314479426551E+02 +0.160651972805939E+06 +0.586362799633684E+02 
_PQload MAULE_220/Load_a SE_MAULE220a
1 +0.500000000000000E+02
+0.000000000000000E+00 +0.000000000000000E+00 +0.393727716106653E+03 -0.480784866203899E+02 +0.184937626265017E+06 -0.353850333817234E+02 
_PQload MAULE_220/Load_b SE_MAULE220b
1 +0.500000000000000E+02
+0.000000000000000E+00 +0.000000000000000E+00 +0.393727716106653E+03 -0.168078486620390E+03 +0.184937626265017E+06 -0.155385033381723E+03 
_PQload MAULE_220/Load_c SE_MAULE220c
1 +0.500000000000000E+02
+0.000000000000000E+00 +0.000000000000000E+00 +0.393727716106653E+03 +0.719215133796101E+02 +0.184937626265017E+06 +0.846149666182766E+02 
_PQload MELI_220_66/Load_a PMONTT220a
1 +0.500000000000000E+02
+0.000000000000000E+00 +0.000000000000000E+00 +0.188934941368984E+03 -0.751651492344760E+02 +0.160023428322039E+06 -0.596907585979245E+02 
_PQload MELI_220_66/Load_b PMONTT220b
1 +0.500000000000000E+02
+0.000000000000000E+00 +0.000000000000000E+00 +0.188934941364154E+03 +0.164834850766097E+03 +0.160023428326129E+06 -0.179690758597351E+03 
_PQload MELI_220_66/Load_c PMONTT220c
1 +0.500000000000000E+02
+0.000000000000000E+00 +0.000000000000000E+00 +0.188934941366655E+03 +0.448348507660698E+02 +0.160023428324011E+06 +0.603092414026214E+02 
_PQload MINERO_220/Load_a MINERO220a
1 +0.500000000000000E+02
+0.000000000000000E+00 +0.000000000000000E+00 +0.709696633056064E+03 -0.473546151057984E+02 +0.186558062173209E+06 -0.358529548387301E+02 
_PQload MINERO_220/Load_b MINERO220b
1 +0.500000000000000E+02
+0.000000000000000E+00 +0.000000000000000E+00 +0.709696633056063E+03 -0.167354615105799E+03 +0.186558062173209E+06 -0.155852954838730E+03 
_PQload MINERO_220/Load_c MINERO220c
1 +0.500000000000000E+02
+0.000000000000000E+00 +0.000000000000000E+00 +0.709696633056060E+03 +0.726453848942015E+02 +0.186558062173210E+06 +0.841470451612698E+02 
_PQload PICOLTUE_220/Load_a MULCHEN220a
1 +0.500000000000000E+02
+0.000000000000000E+00 +0.000000000000000E+00 +0.435858247882878E+02 -0.850747235864643E+02 +0.186550520132445E+06 -0.339132932394290E+02 
_PQload PICOLTUE_220/Load_b MULCHEN220b
1 +0.500000000000000E+02
+0.000000000000000E+00 +0.000000000000000E+00 +0.435858247882878E+02 +0.154925276413536E+03 +0.186550520132445E+06 -0.153913293239429E+03 
_PQload PICOLTUE_220/Load_c MULCHEN220c
1 +0.500000000000000E+02
+0.000000000000000E+00 +0.000000000000000E+00 +0.435858247882878E+02 +0.349252764135356E+02 +0.186550520132445E+06 +0.860867067605710E+02 
_PQload PILAUCO_220/Load_a RAHUE220a
1 +0.500000000000000E+02
+0.000000000000000E+00 +0.000000000000000E+00 +0.271165356476961E+03 -0.608653869613936E+02 +0.161963648973226E+06 -0.579070235595684E+02 
_PQload PILAUCO_220/Load_b RAHUE220b
1 +0.500000000000000E+02
+0.000000000000000E+00 +0.000000000000000E+00 +0.271165356476516E+03 +0.179134613038651E+03 +0.161963648973492E+06 -0.177907023559524E+03 
_PQload PILAUCO_220/Load_c RAHUE220c
1 +0.500000000000000E+02
+0.000000000000000E+00 +0.000000000000000E+00 +0.271165356476647E+03 +0.591346130385719E+02 +0.161963648973413E+06 +0.620929764403970E+02 
_PQload TINGUIRI_220/Load_a PNEGRO220a
1 +0.500000000000000E+02
+0.000000000000000E+00 +0.000000000000000E+00 +0.871617069981275E+03 -0.524665106852304E+02 +0.186337372561700E+06 -0.333410133850511E+02 
_PQload TINGUIRI_220/Load_b PNEGRO220b
1 +0.500000000000000E+02
+0.000000000000000E+00 +0.000000000000000E+00 +0.871617069981275E+03 -0.172466510685230E+03 +0.186337372561700E+06 -0.153341013385051E+03 
_PQload TINGUIRI_220/Load_c PNEGRO220c
1 +0.500000000000000E+02
+0.000000000000000E+00 +0.000000000000000E+00 +0.871617069981275E+03 +0.675334893147697E+02 +0.186337372561700E+06 +0.866589866149489E+02 
_PQload TR_CHILOE_110/Load_a CHILOE110a
1 +0.500000000000000E+02
+0.000000000000000E+00 +0.000000000000000E+00 +0.328391183379171E+03 -0.684512499446433E+02 +0.799954414998843E+05 -0.640849221124122E+02 
_PQload TR_CHILOE_110/Load_b CHILOE110b
1 +0.500000000000000E+02
+0.000000000000000E+00 +0.000000000000000E+00 +0.328391183377359E+03 +0.171548750055560E+03 +0.799954415003256E+05 +0.175915077887791E+03 
_PQload TR_CHILOE_110/Load_c CHILOE110c
1 +0.500000000000000E+02
+0.000000000000000E+00 +0.000000000000000E+00 +0.328391183377662E+03 +0.515487500552983E+02 +0.799954415002519E+05 +0.559150778875294E+02 
_PQload TR_COLBUN_N1/Load_a COLBUN220a
1 +0.500000000000000E+02
+0.000000000000000E+00 +0.000000000000000E+00 +0.420207755653443E+03 -0.498952966516677E+02 +0.186880964232095E+06 -0.334840991996558E+02 
_PQload TR_COLBUN_N1/Load_b COLBUN220b
1 +0.500000000000000E+02
+0.000000000000000E+00 +0.000000000000000E+00 +0.420207755653443E+03 -0.169895296651668E+03 +0.186880964232095E+06 -0.153484099199656E+03 
_PQload TR_COLBUN_N1/Load_c COLBUN220c
1 +0.500000000000000E+02
+0.000000000000000E+00 +0.000000000000000E+00 +0.420207755653443E+03 +0.701047033483323E+02 +0.186880964232095E+06 +0.865159008003442E+02 
_PQload TR_CPACIFICO/Load_a PACIFICO220a
1 +0.500000000000000E+02
+0.000000000000000E+00 +0.000000000000000E+00 +0.832032427803172E+02 -0.632254322336166E+02 +0.183135568926766E+06 -0.385002033460361E+02 
_PQload TR_CPACIFICO/Load_b PACIFICO220b
1 +0.500000000000000E+02
+0.000000000000000E+00 +0.000000000000000E+00 +0.832032427803522E+02 +0.176774567766367E+03 +0.183135568926689E+06 -0.158500203346053E+03 
_PQload TR_CPACIFICO/Load_c PACIFICO220c
1 +0.500000000000000E+02
+0.000000000000000E+00 +0.000000000000000E+00 +0.832032427803163E+02 +0.567745677663552E+02 +0.183135568926768E+06 +0.814997966539357E+02 
_PQload TR_DICHATO/Load_a DICHATO220a
1 +0.500000000000000E+02
+0.000000000000000E+00 +0.000000000000000E+00 +0.152990436685519E+03 -0.482659078060653E+02 +0.186739698186789E+06 -0.395688071255326E+02 
_PQload TR_DICHATO/Load_b DICHATO220b
1 +0.500000000000000E+02
+0.000000000000000E+00 +0.000000000000000E+00 +0.152990436685519E+03 -0.168265907806065E+03 +0.186739698186789E+06 -0.159568807125533E+03 
_PQload TR_DICHATO/Load_c DICHATO220c
1 +0.500000000000000E+02
+0.000000000000000E+00 +0.000000000000000E+00 +0.152990436685519E+03 +0.717340921939347E+02 +0.186739698186789E+06 +0.804311928744675E+02 
_PQload TR_DUQUE_N1/Load_a DUQUECO66a
1 +0.500000000000000E+02
+0.000000000000000E+00 +0.000000000000000E+00 +0.239725898436754E+03 -0.375675038783114E+02 +0.517130306283166E+05 -0.358417847166141E+02 
_PQload TR_DUQUE_N1/Load_b DUQUECO66b
1 +0.500000000000000E+02
+0.000000000000000E+00 +0.000000000000000E+00 +0.239725898436754E+03 -0.157567503878311E+03 +0.517130306283165E+05 -0.155841784716614E+03 
_PQload TR_DUQUE_N1/Load_c DUQUECO66c
1 +0.500000000000000E+02
+0.000000000000000E+00 +0.000000000000000E+00 +0.239725898436754E+03 +0.824324961216886E+02 +0.517130306283166E+05 +0.841582152833858E+02 
_PQload TR_HUALP_N1/Load_a HUALP220a
1 +0.500000000000000E+02
+0.000000000000000E+00 +0.000000000000000E+00 +0.362135127441102E+03 -0.264040218228200E+02 +0.185403066244822E+06 -0.405657271152295E+02 
_PQload TR_HUALP_N1/Load_b HUALP220b
1 +0.500000000000000E+02
+0.000000000000000E+00 +0.000000000000000E+00 +0.362135127441102E+03 -0.146404021822820E+03 +0.185403066244822E+06 -0.160565727115230E+03 
_PQload TR_HUALP_N1/Load_c HUALP220c
1 +0.500000000000000E+02
+0.000000000000000E+00 +0.000000000000000E+00 +0.362135127441102E+03 +0.935959781771799E+02 +0.185403066244822E+06 +0.794342728847705E+02 
_PQload TR_HUALQUI_220/Load_a HUALQUI220a
1 +0.500000000000000E+02
+0.000000000000000E+00 +0.000000000000000E+00 +0.136406517413176E+03 -0.471824103727964E+02 +0.186136622877302E+06 -0.395627308319712E+02 
_PQload TR_HUALQUI_220/Load_b HUALQUI220b
1 +0.500000000000000E+02
+0.000000000000000E+00 +0.000000000000000E+00 +0.136406517413176E+03 -0.167182410372796E+03 +0.186136622877302E+06 -0.159562730831971E+03 
_PQload TR_HUALQUI_220/Load_c HUALQUI220c
1 +0.500000000000000E+02
+0.000000000000000E+00 +0.000000000000000E+00 +0.136406517413176E+03 +0.728175896272036E+02 +0.186136622877302E+06 +0.804372691680288E+02 
_PQload TR_ITAHUE_N1/Load_a ITAHUE220a
1 +0.500000000000000E+02
+0.000000000000000E+00 +0.000000000000000E+00 +0.296651042279798E+03 -0.550614295243860E+02 +0.186275846395008E+06 -0.362848550453935E+02 
_PQload TR_ITAHUE_N1/Load_b ITAHUE220b
1 +0.500000000000000E+02
+0.000000000000000E+00 +0.000000000000000E+00 +0.296651042279798E+03 -0.175061429524386E+03 +0.186275846395008E+06 -0.156284855045394E+03 
_PQload TR_ITAHUE_N1/Load_c ITAHUE220c
1 +0.500000000000000E+02
+0.000000000000000E+00 +0.000000000000000E+00 +0.296651042279798E+03 +0.649385704756140E+02 +0.186275846395008E+06 +0.837151449546065E+02 
_PQload TR_LGUINDOS/Load_a LGUINDOS220a
1 +0.500000000000000E+02
+0.000000000000000E+00 +0.000000000000000E+00 +0.171061202155532E+03 -0.565152985813456E+02 +0.185030605637905E+06 -0.407744136370114E+02 
_PQload TR_LGUINDOS/Load_b LGUINDOS220b
1 +0.500000000000000E+02
+0.000000000000000E+00 +0.000000000000000E+00 +0.171061202155532E+03 -0.176515298581346E+03 +0.185030605637905E+06 -0.160774413637011E+03 
_PQload TR_LGUINDOS/Load_c LGUINDOS220c
1 +0.500000000000000E+02
+0.000000000000000E+00 +0.000000000000000E+00 +0.171061202155532E+03 +0.634847014186544E+02 +0.185030605637905E+06 +0.792255863629886E+02 
_PQload TR_LPEU_N1/Load_a LPEUMOS220a
1 +0.500000000000000E+02
+0.000000000000000E+00 +0.000000000000000E+00 +0.149301914350213E+03 -0.619223155225288E+02 +0.177900307744031E+06 -0.413496956257866E+02 
_PQload TR_LPEU_N1/Load_b LPEUMOS220b
1 +0.500000000000000E+02
+0.000000000000000E+00 +0.000000000000000E+00 +0.149301914350213E+03 +0.178077684477471E+03 +0.177900307744031E+06 -0.161349695625787E+03 
_PQload TR_LPEU_N1/Load_c LPEUMOS220c
1 +0.500000000000000E+02
+0.000000000000000E+00 +0.000000000000000E+00 +0.149301914350213E+03 +0.580776844774712E+02 +0.177900307744031E+06 +0.786503043742134E+02 
_PQload TR_MAPA/Load_a MAPA220a
1 +0.500000000000000E+02
+0.000000000000000E+00 +0.000000000000000E+00 +0.152901895331587E+03 -0.147000147880472E+02 +0.185323045474955E+06 -0.411016145653726E+02 
_PQload TR_MAPA/Load_b MAPA220b
1 +0.500000000000000E+02
+0.000000000000000E+00 +0.000000000000000E+00 +0.152901895331587E+03 -0.134700014788047E+03 +0.185323045474955E+06 -0.161101614565373E+03 
_PQload TR_MAPA/Load_c MAPA220c
1 +0.500000000000000E+02
+0.000000000000000E+00 +0.000000000000000E+00 +0.152901895331588E+03 +0.105299985211953E+03 +0.185323045474955E+06 +0.788983854346274E+02 
_PQload TR_MARIQUINA/Load_a CIRUELOS220a
1 +0.500000000000000E+02
+0.000000000000000E+00 +0.000000000000000E+00 +0.727730984504001E+02 -0.640715138573731E+02 +0.164660184907033E+06 -0.534597971725732E+02 
_PQload TR_MARIQUINA/Load_b CIRUELOS220b
1 +0.500000000000000E+02
+0.000000000000000E+00 +0.000000000000000E+00 +0.727730984502984E+02 +0.175928486142658E+03 +0.164660184907263E+06 -0.173459797172542E+03 
_PQload TR_MARIQUINA/Load_c CIRUELOS220c
1 +0.500000000000000E+02
+0.000000000000000E+00 +0.000000000000000E+00 +0.727730984503407E+02 +0.559284861425955E+02 +0.164660184907167E+06 +0.665402028273953E+02 
_PQload TR_MATAQ_220/Load_a MATAQUITO220a
1 +0.500000000000000E+02
+0.000000000000000E+00 +0.000000000000000E+00 +0.699623756486958E+02 -0.312889274741098E+02 +0.186995024658840E+06 -0.372265204288642E+02 
_PQload TR_MATAQ_220/Load_b MATAQUITO220b
1 +0.500000000000000E+02
+0.000000000000000E+00 +0.000000000000000E+00 +0.699623756486959E+02 -0.151288927474110E+03 +0.186995024658840E+06 -0.157226520428864E+03 
_PQload TR_MATAQ_220/Load_c MATAQUITO220c
1 +0.500000000000000E+02
+0.000000000000000E+00 +0.000000000000000E+00 +0.699623756486958E+02 +0.887110725258902E+02 +0.186995024658840E+06 +0.827734795711358E+02 
_PQload TR_MELIPULLI110/Load_a MELIPU220a
1 +0.500000000000000E+02
+0.000000000000000E+00 +0.000000000000000E+00 +0.299350287938075E+03 -0.650410256655410E+02 +0.160023394793632E+06 -0.596907722166849E+02 
_PQload TR_MELIPULLI110/Load_b MELIPU220b
1 +0.500000000000000E+02
+0.000000000000000E+00 +0.000000000000000E+00 +0.299350287930423E+03 +0.174958974335032E+03 +0.160023394797722E+06 -0.179690772216112E+03 
_PQload TR_MELIPULLI110/Load_c MELIPU220c
1 +0.500000000000000E+02
+0.000000000000000E+00 +0.000000000000000E+00 +0.299350287934386E+03 +0.549589743350048E+02 +0.160023394795604E+06 +0.603092277838610E+02 
_PQload TR_NIRIVI/Load_a NNIRIVI220a
1 +0.500000000000000E+02
+0.000000000000000E+00 +0.000000000000000E+00 +0.129694486528551E+03 -0.584914082143337E+02 +0.187218631768771E+06 -0.383524013557473E+02 
_PQload TR_NIRIVI/Load_b NNIRIVI220b
1 +0.500000000000000E+02
+0.000000000000000E+00 +0.000000000000000E+00 +0.129694486528551E+03 -0.178491408214334E+03 +0.187218631768771E+06 -0.158352401355747E+03 
_PQload TR_NIRIVI/Load_c NNIRIVI220c
1 +0.500000000000000E+02
+0.000000000000000E+00 +0.000000000000000E+00 +0.129694486528551E+03 +0.615085917856663E+02 +0.187218631768771E+06 +0.816475986442528E+02 
_PQload TR_NVACAUQUE/Load_a NVACAUQUE220a
1 +0.500000000000000E+02
+0.000000000000000E+00 +0.000000000000000E+00 +0.147921363512113E+03 -0.658068988899389E+02 +0.187155871209669E+06 -0.389502761849574E+02 
_PQload TR_NVACAUQUE/Load_b NVACAUQUE220b
1 +0.500000000000000E+02
+0.000000000000000E+00 +0.000000000000000E+00 +0.147921363512113E+03 +0.174193101110061E+03 +0.187155871209670E+06 -0.158950276184957E+03 
_PQload TR_NVACAUQUE/Load_c NVACAUQUE220c
1 +0.500000000000000E+02
+0.000000000000000E+00 +0.000000000000000E+00 +0.147921363512113E+03 +0.541931011100612E+02 +0.187155871209670E+06 +0.810497238150426E+02 
_PQload TR_NVA_VALD/Load_a NVA_VALD220a
1 +0.500000000000000E+02
+0.000000000000000E+00 +0.000000000000000E+00 +0.838811617809182E+02 -0.756705788821997E+02 +0.162998068067299E+06 -0.557133514881652E+02 
_PQload TR_NVA_VALD/Load_b NVA_VALD220b
1 +0.500000000000000E+02
+0.000000000000000E+00 +0.000000000000000E+00 +0.838811617807768E+02 +0.164329421117842E+03 +0.162998068067573E+06 -0.175713351488124E+03 
_PQload TR_NVA_VALD/Load_c NVA_VALD220c
1 +0.500000000000000E+02
+0.000000000000000E+00 +0.000000000000000E+00 +0.838811617808289E+02 +0.443294211177639E+02 +0.162998068067472E+06 +0.642866485117984E+02 
_PQload TR_PARGUA_220/Load_a PARGUA220a
1 +0.500000000000000E+02
+0.000000000000000E+00 +0.000000000000000E+00 +0.820005369105973E+02 -0.887234232188037E+02 +0.160555273710151E+06 -0.602997737054831E+02 
_PQload TR_PARGUA_220/Load_b PARGUA220b
1 +0.500000000000000E+02
+0.000000000000000E+00 +0.000000000000000E+00 +0.820005369095590E+02 +0.151276576781509E+03 +0.160555273712183E+06 +0.179700226294830E+03 
_PQload TR_PARGUA_220/Load_c PARGUA220c
1 +0.500000000000000E+02
+0.000000000000000E+00 +0.000000000000000E+00 +0.820005369100095E+02 +0.312765767813654E+02 +0.160555273711301E+06 +0.597002262946860E+02 
_PQload TR_STAFE_220/Load_a STA_FE_220a
1 +0.500000000000000E+02
+0.000000000000000E+00 +0.000000000000000E+00 +0.184595124143337E+03 -0.511092962985186E+02 +0.183807385522017E+06 -0.381310928009457E+02 
_PQload TR_STAFE_220/Load_b STA_FE_220b
1 +0.500000000000000E+02
+0.000000000000000E+00 +0.000000000000000E+00 +0.184595124143414E+03 -0.171109296298535E+03 +0.183807385521941E+06 -0.158131092800962E+03 
_PQload TR_STAFE_220/Load_c STA_FE_220c
1 +0.500000000000000E+02
+0.000000000000000E+00 +0.000000000000000E+00 +0.184595124143335E+03 +0.688907037014532E+02 +0.183807385522019E+06 +0.818689071990261E+02 
_PQload TR_TEMUCO66/Load_a TEMUCO220a
1 +0.500000000000000E+02
+0.000000000000000E+00 +0.000000000000000E+00 +0.413873962707953E+03 -0.581401574269012E+02 +0.175171961175973E+06 -0.429143451950417E+02 
_PQload TR_TEMUCO66/Load_b TEMUCO220b
1 +0.500000000000000E+02
+0.000000000000000E+00 +0.000000000000000E+00 +0.413873962707953E+03 -0.178140157426901E+03 +0.175171961175973E+06 -0.162914345195042E+03 
_PQload TR_TEMUCO66/Load_c TEMUCO220c
1 +0.500000000000000E+02
+0.000000000000000E+00 +0.000000000000000E+00 +0.413873962707953E+03 +0.618598425730988E+02 +0.175171961175973E+06 +0.770856548049583E+02 
_PQload TR_TUNICHE_N1/Load_a TUNICHE220a
1 +0.500000000000000E+02
+0.000000000000000E+00 +0.000000000000000E+00 +0.236004164975479E+03 -0.341676458636644E+02 +0.187445566667261E+06 -0.346857221346207E+02 
_PQload TR_TUNICHE_N1/Load_b TUNICHE220b
1 +0.500000000000000E+02
+0.000000000000000E+00 +0.000000000000000E+00 +0.236004164975479E+03 -0.154167645863664E+03 +0.187445566667261E+06 -0.154685722134621E+03 
_PQload TR_TUNICHE_N1/Load_c TUNICHE220c
1 +0.500000000000000E+02
+0.000000000000000E+00 +0.000000000000000E+00 +0.236004164975479E+03 +0.858323541363356E+02 +0.187445566667261E+06 +0.853142778653793E+02 
_PQload TR_VARONES/Load_a LVARONES220a
1 +0.500000000000000E+02
+0.000000000000000E+00 +0.000000000000000E+00 +0.156323307285684E+03 -0.462269209309572E+02 +0.184568082533075E+06 -0.371870281247070E+02 
_PQload TR_VARONES/Load_b LVARONES220b
1 +0.500000000000000E+02
+0.000000000000000E+00 +0.000000000000000E+00 +0.156323307285684E+03 -0.166226920930957E+03 +0.184568082533075E+06 -0.157187028124707E+03 
_PQload TR_VARONES/Load_c LVARONES220c
1 +0.500000000000000E+02
+0.000000000000000E+00 +0.000000000000000E+00 +0.156323307285685E+03 +0.737730790690428E+02 +0.184568082533075E+06 +0.828129718752930E+02 
_PQload l_CUNCO110/Load_a CUNCO110a
1 +0.500000000000000E+02
+0.000000000000000E+00 +0.000000000000000E+00 +0.213704197556361E+02 +0.438613229912140E+02 +0.873481517043058E+05 -0.461386770087860E+02 
_PQload l_CUNCO110/Load_b CUNCO110b
1 +0.500000000000000E+02
+0.000000000000000E+00 +0.000000000000000E+00 +0.213704197556276E+02 -0.761386770087728E+02 +0.873481517043409E+05 -0.166138677008773E+03 
_PQload l_CUNCO110/Load_c CUNCO110c
1 +0.500000000000000E+02
+0.000000000000000E+00 +0.000000000000000E+00 +0.213704197556334E+02 +0.163861322991207E+03 +0.873481517043169E+05 +0.738613229912070E+02 
